0.000366
0.002686
0.000732
0.000672
0.000305
0.000183
0.000488
0.000306
0.000732
0.00116
0.000793
0.000427
0.000245
0.001037
0.000183
0.000733
0.000854
0.000183
0.000611
0.000183
0.001037
0.000855
0.000976
0.001465
0.001221
0.001831
0.001831
0.002075
0.001648
0.002015
0.001953
0.002258
0.002197
0.002259
0.002014
0.002319
0.00177
0.001953
0.002075
0.002319
0.002075
0.001953
0.00238
0.002075
0.002258
0.002076
0.002624
0.001892
0.001954
0.002136
0.002685
0.002137
0.001953
0.002258
0.002381
0.001953
0.002136
0.002197
0.001648
0.002137
0.002075
0.002075
0.003967
0.00592
0.002075
0.002503
0.002929
0.00232
0.002258
0.001953
0.002503
0.002197
0.002259
0.002502
0.002075
0.002014
0.002015
0.001831
0.002502
0.002197
0.002076
0.002624
0.002564
0.002197
0.002258
0.00293
0.002136
0.00232
0.002014
0.00293
0.002136
0.002136
0.001831
0.00293
0.001831
0.002319
0.002442
0.002685
0.002442
0.002563
0.002014
0.002137
0.002502
0.002319
0.00238
0.002075
0.002442
0.001953
0.002258
0.002991
0.002319
0.002258
0.002136
0.002258
0.002075
0.002259
0.002502
0.002197
0.002198
0.002319
0.002258
0.002014
0.002198
0.002441
0.002625
0.00238
0.00232
0.002807
0.003418
0.00293
0.002319
0.002503
0.002441
0.002197
0.002075
0.002319
0.002564
0.002258
0.002075
0.002686
0.00238
0.002136
0.002137
0.002502
0.002197
0.002198
0.002075
0.002563
0.00232
0.002075
0.002502
0.002442
0.002319
0.002075
0.002319
0.002319
0.001892
0.002442
0.002502
0.002259
0.002075
0.002197
0.002136
0.002381
0.005859
0.00647
0.006836
0.006226
0.006592
0.006164
0.006591
0.005798
0.005371
0.005615
0.00769
0.006287
0.006531
0.006347
0.006225
0.00586
0.006042
0.006165
0.005798
0.005737
0.006287
0.006042
0.005799
0.005615
0.005555
0.005554
0.005737
0.006286
0.006348
0.006531
0.006348
0.005798
0.005677
0.007934
0.005616
0.004944
0.002685
0.002319
0.002686
0.002685
0.002625
0.002929
0.002259
0.002197
0.002197
0.002259
0.002014
0.002258
0.002869
0.002258
0.001953
0.002381
0.003174
0.00238
0.002136
0.002442
0.002807
0.002625
0.002441
0.001954
0.002685
0.002625
0.002563
0.002137
0.002502
0.002197
0.002442
0.002441
0.002442
0.002258
0.002136
0.002137
0.00238
0.002502
0.002442
0.002197
0.002198
0.002441
0.002197
0.002075
0.002197
0.002441
0.002503
0.00299
0.002198
0.00238
0.002625
0.003174
0.00238
0.002258
0.002686
0.002808
0.002319
0.002136
0.00232
0.00238
0.002502
0.002441
0.002136
0.002686
0.002258
0.002258
0.003052
0.002381
0.002197
0.002197
0.002747
0.002991
0.002258
0.002136
0.002869
0.002563
0.002259
0.002624
0.002869
0.002319
0.002198
0.002441
0.003235
0.002075
0.002259
0.002685
0.002442
0.002563
0.002564
0.003418
0.002563
0.002564
0.002258
0.002991
0.002563
0.002564
0.002441
0.002747
0.002075
0.002503
0.002441
0.00293
0.002563
0.002319
0.002441
0.002442
0.002502
0.002198
0.002929
0.002564
0.002258
0.002442
0.004211
0.002503
0.00238
0.002075
0.00293
0.00238
0.002442
0.00238
0.002503
0.001953
0.002319
0.002381
0.002319
0.002564
0.002441
0.002441
0.003113
0.00232
0.002563
0.002014
0.002869
0.002686
0.00238
0.002441
0.002808
0.002319
0.001954
0.00354
0.002258
0.002075
0.002381
0.002563
0.002503
0.002441
0.001953
0.002625
0.002319
0.00232
0.00238
0.00238
0.00238
0.002136
0.002075
0.002868
0.002136
0.002502
0.003235
0.002502
0.002503
0.002502
0.002747
0.002502
0.00299
0.002869
0.002563
0.003235
0.002259
0.002319
0.002686
0.002197
0.003235
0.006958
0.003967
0.002991
0.002503
0.002136
0.002869
0.003906
0.002258
0.002808
0.002563
0.002381
0.002441
0.002808
0.002563
0.002198
0.002502
0.003235
0.002258
0.002442
0.002808
0.003845
0.002746
0.002563
0.002441
0.002502
0.002502
0.002381
0.003296
0.002502
0.002381
0.002136
0.003296
0.002075
0.002258
0.002441
0.002991
0.00238
0.002319
0.002502
0.002686
0.002075
0.002197
0.002808
0.002441
0.002319
0.002441
0.003174
0.002625
0.002563
0.002625
0.002624
0.002686
0.002502
0.002564
0.002624
0.002503
0.002502
0.00238
0.002502
0.002808
0.002319
0.002258
0.002991
0.002624
0.002564
0.002625
0.002624
0.00232
0.00238
0.00238
0.002381
0.00238
0.002259
0.002746
0.002747
0.002624
0.002503
0.00293
0.00238
0.002258
0.002259
0.002502
0.002381
0.002319
0.002686
0.00238
0.002625
0.002441
0.002503
0.002624
0.002625
0.002197
0.002686
0.002929
0.002258
0.00238
0.002991
0.002869
0.002807
0.002136
0.002624
0.002442
0.002441
0.00232
0.00238
0.002319
0.002503
0.002441
0.002442
0.002441
0.002381
0.002746
0.003052
0.002319
0.00232
0.002441
0.002564
0.00238
0.002503
0.003113
0.002319
0.002747
0.002014
0.002563
0.002259
0.002563
0.00232
0.002685
0.002381
0.002319
0.002258
0.003662
0.002747
0.002197
0.002442
0.002502
0.002564
0.002075
0.002442
0.002441
0.002502
0.002503
0.002685
0.002198
0.002258
0.002197
0.002991
0.002136
0.002137
0.002136
0.002625
0.001953
0.002136
0.002014
0.002381
0.002563
0.002258
0.002381
0.00238
0.002381
0.002197
0.00238
0.002502
0.002075
0.00232
0.002929
0.002625
0.002014
0.002136
0.002259
0.004761
0.005676
0.002686
0.002685
0.002564
0.00238
0.002564
0.002258
0.001831
0.001953
0.002015
0.002319
0.002197
0.002259
0.002441
0.002319
0.002381
0.002502
0.002442
0.002502
0.002136
0.001953
0.002198
0.001953
0.002136
0.002686
0.002441
0.002075
0.002503
0.002197
0.002442
0.00238
0.002197
0.002137
0.002746
0.002197
0.002319
0.002136
0.002503
0.002319
0.001892
0.002442
0.002502
0.002136
0.002381
0.002258
0.002441
0.002747
0.00238
0.002137
0.002441
0.002563
0.002259
0.002319
0.00232
0.002441
0.002319
0.002198
0.002807
0.002075
0.002136
0.002136
0.002259
0.002441
0.002075
0.002259
0.002014
0.00238
0.002076
0.002685
0.002442
0.00238
0.00238
0.00238
0.002258
0.001953
0.002259
0.002319
0.002381
0.001648
0.002319
0.002563
0.002259
0.002563
0.002381
0.002441
0.002258
0.002136
0.002075
0.002319
0.002014
0.002137
0.002807
0.002076
0.002441
0.002258
0.002259
0.00238
0.00238
0.00238
0.002441
0.002259
0.002136
0.001953
0.002319
0.002137
0.001953
0.002929
0.00299
0.002625
0.002319
0.002259
0.002624
0.002258
0.002136
0.002624
0.004212
0.00769
0.008179
0.00708
0.006348
0.00769
0.00293
0.002563
0.003845
0.00238
0.002625
0.00238
0.002686
0.002136
0.002319
0.002564
0.002441
0.002015
0.002197
0.002136
0.002259
0.002014
0.001892
0.002563
0.002198
0.002136
0.002136
0.002747
0.002258
0.002014
0.001953
0.002868
0.002259
0.002136
0.001831
0.002441
0.001954
0.001892
0.002075
0.002686
0.002502
0.001892
0.002197
0.002137
0.002014
0.001953
0.002197
0.002686
0.002136
0.002136
0.001954
0.002502
0.002075
0.002137
0.002075
0.002563
0.002137
0.002075
0.002258
0.002869
0.002014
0.002197
0.003601
0.00299
0.002075
0.002198
0.002014
0.002685
0.001892
0.002076
0.002014
0.002136
0.002014
0.002198
0.002319
0.001831
0.002198
0.00238
0.002197
0.001831
0.001954
0.002197
0.002807
0.002136
0.002197
0.001892
0.002197
0.002075
0.001953
0.002137
0.002319
0.002014
0.002319
0.002258
0.002197
0.002258
0.002076
0.002624
0.002197
0.002015
0.001953
0.002075
0.002014
0.002014
0.001953
0.001953
0.002136
0.002136
0.002075
0.001954
0.002136
0.002197
0.002075
0.001954
0.002075
0.002136
0.002197
0.002197
0.001953
0.002075
0.002259
0.002502
0.002197
0.001953
0.00232
0.002136
0.001953
0.001953
0.002503
0.001892
0.001892
0.00238
0.002258
0.002319
0.002136
0.002136
0.002685
0.002076
0.002197
0.001892
0.002624
0.00232
0.002319
0.002136
0.002564
0.001953
0.002075
0.002198
0.002441
0.001953
0.002197
0.002381
0.002075
0.002075
0.001831
0.002442
0.002258
0.002014
0.002076
0.002319
0.002197
0.002258
0.001831
0.001953
0.002014
0.001953
0.00177
0.002136
0.002014
0.002014
0.00177
0.002441
0.001893
0.002014
0.002136
0.002319
0.002137
0.002136
0.002136
0.002014
0.001953
0.002076
0.002258
0.002258
0.002259
0.002075
0.00238
0.001953
0.001892
0.002197
0.002747
0.00238
0.002197
0.001953
0.002381
0.002075
0.00238
0.002137
0.002441
0.00232
0.002136
0.002197
0.002259
0.002075
0.002136
0.002258
0.002198
0.002014
0.001953
0.002014
0.002381
0.002319
0.002319
0.002259
0.002441
0.002197
0.002136
0.002014
0.00238
0.002137
0.002197
0.002014
0.002442
0.002258
0.002319
0.002136
0.00238
0.001892
0.001831
0.002198
0.002136
0.002197
0.002197
0.002442
0.003052
0.002197
0.002075
0.002564
0.002258
0.00238
0.002686
0.00531
0.005005
0.004883
0.004883
0.005249
0.005371
0.005554
0.005188
0.005615
0.005432
0.005554
0.005249
0.005738
0.005188
0.005432
0.005127
0.005737
0.005249
0.005432
0.00586
0.005859
0.005005
0.005066
0.004822
0.005249
0.005432
0.004944
0.005371
0.005676
0.005371
0.005493
0.005066
0.005127
0.005676
0.005127
0.005005
0.004944
0.005554
0.005493
0.00525
0.005249
0.005371
0.003296
0.006103
0.005677
0.005615
0.005737
0.00586
0.005493
0.006043
0.005737
0.005982
0.006104
0.007934
0.005616
0.005554
0.006103
0.004211
0.002441
0.002868
0.002381
0.003845
0.002441
0.002503
0.002014
0.002502
0.002137
0.001892
0.002014
0.002625
0.002868
0.002259
0.002258
0.002563
0.002076
0.001953
0.002441
0.004395
0.002319
0.002198
0.002807
0.002564
0.002563
0.002015
0.00238
0.002564
0.002624
0.002136
0.002869
0.002625
0.002563
0.002442
0.002563
0.003052
0.002624
0.002137
0.003112
0.002564
0.002502
0.002442
