0.00232
0.001648
0.000671
0.000427
0.00116
0.000732
0.000428
0.000793
0.000366
0.000122
0.000244
0.000184
0.000305
0.00061
0.000305
0.000122
0.000184
0.000305
0.000732
0.001343
0.001404
0.001648
0.001465
0.001892
0.003418
0.002197
0.002075
0.00232
0.003234
0.003356
0.002746
0.003052
0.00293
0.003479
0.004517
0.004638
0.004272
0.004028
0.004394
0.004456
0.005738
0.005554
0.007629
0.006592
0.005676
0.006287
0.007019
0.007019
0.008972
0.007874
0.008789
0.007874
0.008178
0.008361
0.009339
0.007873
0.007996
0.010559
0.007507
0.008728
0.009765
0.008057
0.009766
0.009216
0.009522
0.00946
0.008728
0.009399
0.012818
0.011841
0.011841
0.009888
0.008911
0.010437
0.009461
0.009826
0.010864
0.008484
0.009704
0.009033
0.008361
0.009766
0.009827
0.00885
0.00885
0.010926
0.010437
0.013367
0.010681
0.010132
0.007813
0.009339
0.00885
0.012329
0.009155
0.014099
0.009582
0.010498
0.009766
0.009827
0.008606
0.009522
0.008789
0.008728
0.009826
0.008606
0.008667
0.009155
0.011047
0.009766
0.01178
0.009461
0.00885
0.010254
0.008911
0.009888
0.009522
0.00885
0.007325
0.01471
0.009704
0.011902
0.009399
0.008606
0.009156
0.00824
0.010559
0.008606
0.009522
0.00946
0.009705
0.010864
0.009827
0.009521
0.010986
0.009339
0.009704
0.00885
0.009522
0.008423
0.009461
0.009339
0.008301
0.01001
0.009704
0.010315
0.009278
0.009338
0.009034
0.009521
0.008606
0.009277
0.008362
0.007569
0.007813
0.008728
0.009278
0.008056
0.008667
0.00763
0.010559
0.008728
0.008484
0.008484
0.009887
0.008179
0.008423
0.008057
0.010681
0.00885
0.007629
0.01062
0.008911
0.00824
0.009277
0.008789
0.007873
0.008667
0.008911
0.009643
0.009766
0.007874
0.007507
0.007264
0.006714
0.011963
0.009094
0.009156
0.009521
0.008545
0.008545
0.009827
0.008728
0.008606
0.009033
0.008789
0.01001
0.00885
0.010986
0.009461
0.009278
0.009582
0.01001
0.009521
0.0094
0.005493
0.00946
0.007629
0.008301
0.009461
0.008423
0.009765
0.008911
0.008667
0.00769
0.009888
0.007935
0.008972
0.009887
0.010132
0.009155
0.008667
0.009704
0.009277
0.010925
0.007691
0.010315
0.009094
0.008606
0.010193
0.009156
0.008484
0.009155
0.008972
0.008606
0.0083
0.010193
0.009644
0.010254
0.008666
0.008179
0.007813
0.007752
0.008972
0.009583
0.009277
0.008362
0.0083
0.009582
0.010315
0.009155
0.008973
0.008911
0.008239
0.010742
0.00885
0.007995
0.008362
0.007813
0.008606
0.010987
0.009033
0.006836
0.009887
0.009034
0.009216
0.009094
0.008057
0.009216
0.00824
0.007446
0.009217
0.008728
0.007202
0.00769
0.012451
0.007568
0.007996
0.009338
0.008789
0.008545
0.009033
0.009277
0.008667
0.008118
0.009644
0.007935
0.009643
0.008606
0.00769
0.008179
0.007629
0.009155
0.010132
0.009766
0.005859
0.008057
0.008483
0.010193
0.0094
0.008362
0.008544
0.011841
0.00946
0.009766
0.009033
0.008422
0.0094
0.008484
0.008118
0.009888
0.009156
0.007752
0.010009
0.007751
0.0094
0.010009
0.007996
0.008728
0.008972
0.008239
0.008545
0.00763
0.008667
0.009583
0.008606
0.00946
0.007873
0.011353
0.008728
0.008423
0.008667
0.008911
0.008545
0.008118
0.008789
0.010315
0.00824
0.01062
0.007873
0.008422
0.008545
0.010987
0.008178
0.007629
0.009399
0.007935
0.00885
0.009827
0.009216
0.008911
0.008911
0.007019
0.008606
0.011657
0.007996
0.008361
0.008484
0.007691
0.010131
0.008057
0.009522
0.009887
0.008972
0.008728
0.010376
0.008178
0.008728
0.009949
0.009277
0.008606
0.009643
0.009216
0.010132
0.004639
0.009766
0.0083
0.009156
0.008423
0.009338
0.011841
0.008057
0.008789
0.008117
0.009278
0.008667
0.00885
0.007934
0.01001
0.007996
0.007751
0.008544
0.009827
0.008789
0.009277
0.007995
0.007995
0.006958
0.006958
0.008667
0.008483
0.00824
0.008301
0.009216
0.00946
0.009949
0.010009
0.008912
0.007995
0.009216
0.010254
0.009034
0.009155
0.0094
0.008545
0.008667
0.009155
0.009827
0.009827
0.008484
0.009522
0.009948
0.009522
0.009643
0.007569
0.009094
0.009339
0.008484
0.008606
0.008545
0.008667
0.00885
0.011169
0.007751
0.00824
0.010376
0.01062
0.009338
0.00708
0.007751
0.008911
0.007812
0.010559
0.009522
0.009521
0.008606
0.01001
0.008973
0.007996
0.007691
0.007263
0.009704
0.008667
0.009399
0.009034
0.008423
0.008728
0.007691
0.009949
0.009033
0.007691
0.009948
0.010498
0.009766
0.009155
0.008667
0.009521
0.009583
0.008606
0.006287
0.009826
0.008912
0.009033
0.008423
0.008605
0.008728
0.009643
0.008484
0.008972
0.00946
0.010254
0.010071
0.009277
0.008545
0.008606
0.010498
0.0094
0.00708
0.009399
0.009094
0.009094
0.008483
0.009949
0.009033
0.007568
0.007934
0.009888
0.009887
0.01062
0.008545
0.009338
0.009339
0.007873
0.008423
0.007873
0.010376
0.008484
0.010437
0.008728
0.009643
0.011475
0.010437
0.008728
0.008789
0.008789
0.00946
0.007568
0.009705
0.009582
0.010193
0.010132
0.009949
0.008544
0.010071
0.008301
0.009339
0.008301
0.009399
0.00824
0.010437
0.007019
0.008972
0.008728
0.008728
0.007996
0.008728
0.011658
0.009705
0.009155
0.009583
0.00946
0.009217
0.008728
0.008606
0.008484
0.009216
0.009949
0.008484
0.009583
0.00824
0.009278
0.008728
0.008423
0.00708
0.010987
0.009643
0.008484
0.006958
0.008483
0.009399
0.009826
0.009949
0.011231
0.008239
0.008484
0.009521
0.009522
0.008545
0.009216
0.008361
0.00769
0.007507
0.00769
0.010803
0.010437
0.008667
0.008423
0.009704
0.01062
0.009155
0.00885
0.00946
0.008912
0.007996
0.008484
0.008911
0.009217
0.009277
0.010803
0.008239
0.009705
0.00769
0.010925
0.008972
0.008178
0.008728
0.010315
0.009399
0.009277
0.010437
0.009644
0.008423
0.008362
0.007752
0.01007
0.009949
0.01062
0.006591
0.008972
0.008972
0.008912
0.008483
0.008911
0.010071
0.00946
0.009094
0.008545
0.008178
0.01001
0.00946
0.007996
0.009521
0.008422
0.008423
0.008545
0.008057
0.008057
0.0083
0.009339
0.008972
0.009583
0.008667
0.008179
0.008179
0.008545
0.008606
0.010864
0.008789
0.008972
0.009033
0.011169
0.009339
0.009399
0.010132
0.007874
0.01001
0.008789
0.008056
0.009216
0.008118
0.009644
0.00763
0.008667
0.009522
0.009094
0.007996
0.00946
0.008728
0.007629
0.008851
0.009399
0.007507
0.007751
0.008301
0.009644
0.008911
0.009033
0.010986
0.008301
0.008789
0.00885
0.008911
0.007812
0.007385
0.009583
0.007874
0.00885
0.008728
0.007691
0.009583
0.010498
0.009094
0.008789
0.009033
0.009338
0.008728
0.007324
0.009582
0.008545
0.008484
0.008178
0.008118
0.0094
0.010253
0.009278
0.009399
0.009216
0.010803
0.00946
0.00946
0.009034
0.009582
0.009826
0.00769
0.007324
0.007324
0.009094
0.009765
0.008118
0.008484
0.007568
0.008606
0.009094
0.009094
0.007263
0.008545
0.009156
0.009948
0.011292
0.008606
0.011718
0.012451
0.01178
0.009033
0.007934
0.010926
0.010131
0.010254
0.008789
0.009094
0.009033
0.009766
0.009033
0.009705
0.011047
0.010498
0.009033
0.009033
0.009522
0.009521
0.008423
0.008545
0.00769
0.009339
0.007751
0.008973
0.011291
0.008911
0.009949
0.011901
0.009827
0.008667
0.008301
0.00885
0.008057
0.007874
0.010559
0.009705
0.009704
0.009033
0.009338
0.010437
0.009461
0.009887
0.00885
0.008545
0.008057
0.009216
0.00885
0.007568
0.008972
0.009522
0.010925
0.009704
0.009644
0.008606
0.008361
0.009827
0.009277
0.008789
0.009643
0.008239
0.009644
0.007447
0.008667
0.009033
0.009277
0.008606
0.008606
0.009338
0.008789
0.009704
0.009888
0.010193
0.010131
0.007996
0.006958
0.011109
0.008667
0.01007
0.008423
0.008606
0.008179
0.007935
0.00824
0.009033
0.008972
0.009094
0.008117
0.008728
0.008972
0.009033
0.009949
0.008728
0.008484
0.009277
0.007812
0.008911
0.008972
0.008911
0.0083
0.009278
0.007935
0.008179
0.013733
0.009582
0.009034
0.009644
0.007446
0.007568
0.009094
0.00824
0.009155
0.00885
0.008667
0.008972
0.009094
0.00946
0.008545
0.008728
0.0083
0.009521
0.009216
0.009949
0.007202
0.008972
0.009155
0.008728
0.008361
0.009155
0.010254
0.009277
0.015198
0.009705
0.009643
0.008545
0.010254
0.009461
0.005249
0.009765
0.008606
0.007691
0.008972
0.00946
0.0083
0.008484
0.008545
0.007752
0.008972
0.010315
0.011474
0.008728
0.008484
0.008667
0.008484
0.008667
0.008972
0.011352
0.009888
0.011902
0.008423
0.007446
0.01062
0.00824
0.00824
0.00824
0.009705
0.008423
0.009826
0.008911
0.0094
0.010071
0.0083
0.008362
0.008423
0.009156
0.008789
0.007568
0.009034
0.007446
0.008606
0.007995
0.008362
0.008362
0.010559
0.010987
0.008362
0.008179
0.00885
0.00885
0.007385
0.007995
0.007324
0.008301
0.007873
0.008728
0.0094
0.008423
0.008239
0.008423
0.009216
0.009216
0.008667
0.008667
0.008972
0.007629
0.007446
0.009216
0.008911
0.008972
0.008118
0.011963
0.00885
0.009155
0.008911
0.008484
0.008728
0.00946
0.008789
0.009704
0.010071
0.008422
0.009583
0.008484
0.008117
0.010071
0.010071
0.008789
0.008362
0.008362
0.005432
0.008728
0.008851
0.007813
0.007995
0.008789
0.009033
0.011597
0.008911
0.01001
0.008179
0.007141
0.009278
0.009887
0.008057
0.009887
0.009827
0.00708
0.008362
0.008728
0.009705
0.010131
0.010132
0.008423
0.008728
0.008728
0.008361
0.008606
0.009766
0.010009
0.0094
0.009704
0.009949
0.010071
0.011718
0.008179
0.007996
0.007935
0.009033
0.009033
0.00769
0.007202
0.007812
0.009949
0.008301
0.008057
0.009095
0.009155
0.007691
0.008423
