0.000488
0.002198
0.002197
0.001099
0.000122
0.000122
0
0.002319
0.001648
0.001892
0.000245
0.000183
6.1e-05
0.000366
0.003418
0.004761
0.004394
0.003723
0.001892
0.004028
0.002625
0.002441
0.00354
0.003357
0.002991
0.00293
0.003234
0.002991
0.006531
0.004517
0.006652
0.0094
0.00824
0.009949
0.009217
0.010437
0.01123
0.014954
0.009216
0.010376
0.012756
0.010437
0.007934
0.006103
0.005432
0.008301
0.008545
0.009094
0.010315
0.009826
0.010315
0.009156
0.016479
0.012146
0.018738
0.022278
0.015136
0.015808
0.015686
0.01471
0.009949
0.010681
0.009582
0.010803
0.010437
0.009155
0.008545
0.009155
0.008545
0.010376
0.011658
0.013245
0.012451
0.009888
0.009644
0.009765
0.00885
0.010498
0.010254
0.010254
0.014831
0.011414
0.010864
0.016296
0.018921
0.017761
0.01654
0.014283
0.015747
0.01178
0.01062
0.010132
0.01178
0.010682
0.010925
0.010987
0.012573
0.009277
0.009095
0.008667
0.007935
0.008057
0.008972
0.009705
0.008728
0.00885
0.009277
0.00946
0.008301
0.010742
0.015503
0.012268
0.013672
0.02008
0.015747
0.015869
0.015748
0.016419
0.011657
0.010865
0.008423
0.011474
0.010865
0.010253
0.010559
0.01056
0.010925
0.009155
0.01532
0.010192
0.009277
0.010681
0.008789
0.010132
0.009155
0.008301
0.010315
0.0083
0.012573
0.01233
0.009399
0.009827
0.020569
0.020263
0.017151
0.018494
0.017761
0.010498
0.010803
0.010864
0.011048
0.010498
0.011475
0.009643
0.010193
0.010925
0.009827
0.008972
0.010132
0.01477
0.015198
0.009216
0.010376
0.01062
0.009948
0.009522
0.010803
0.01001
0.016235
0.010315
0.008484
0.019043
0.016174
0.021728
0.019165
0.018982
0.017456
0.015137
0.011536
0.010864
0.012573
0.011414
0.01062
0.009155
0.008789
0.007812
0.009217
0.011718
0.010498
0.009888
0.010742
0.011597
0.013489
0.009826
0.009705
0.009522
0.011841
0.013367
0.009827
0.015137
0.021972
0.016053
0.018493
0.023377
0.019958
0.01709
0.018005
0.018372
0.015137
0.011719
0.011474
0.010193
0.011353
0.010742
0.010437
0.01355
0.010681
0.009216
0.009949
0.009643
0.010132
0.010803
0.016296
0.01056
0.010864
0.013733
0.010559
0.016297
0.019042
0.01831
0.017822
0.017822
0.014527
0.014099
0.012268
0.013855
0.012207
0.011474
0.014099
0.013794
0.012451
0.010376
0.01117
0.008423
0.008972
0.010742
0.008972
0.010132
0.013489
0.012023
0.008545
0.010987
0.011657
0.017578
0.013184
0.013061
0.01886
0.018798
0.016724
0.01532
0.016418
0.016175
0.014038
0.012085
0.010742
0.010437
0.00885
0.011047
0.011292
0.014038
0.011841
0.011169
0.010132
0.010254
0.010315
0.012756
0.009521
0.009949
0.010864
0.010803
0.008667
0.016114
0.009948
0.010315
0.019593
0.021972
0.017456
0.015625
0.017945
0.015747
0.013733
0.01123
0.011292
0.010376
0.009521
0.011292
0.010071
0.011291
0.010132
0.013244
0.010315
0.011841
0.010193
0.012207
0.01007
0.01123
0.009949
0.010681
0.01062
0.015014
0.009827
0.010925
0.022278
0.018737
0.015137
0.015503
0.020569
0.016479
0.014038
0.010986
0.012146
0.011169
0.012024
0.013183
0.010193
0.011841
0.011414
0.010314
0.013245
0.01123
0.019348
0.01062
0.010742
0.010803
0.010742
0.008851
0.011474
0.010925
0.011536
0.009156
0.018189
0.020263
0.017762
0.01593
0.017028
0.017395
0.019776
0.018493
0.013306
0.014404
0.014526
0.011475
0.010925
0.011414
0.010803
0.010742
0.011109
0.013427
0.01355
0.009216
0.011169
0.01062
0.009888
0.010193
0.011902
0.010864
0.014831
0.009949
0.012268
0.018493
0.018372
0.016113
0.01477
0.012085
0.011414
0.009582
0.011169
0.010193
0.010254
0.008972
0.010376
0.009949
0.009216
0.009338
0.009705
0.009643
0.009339
0.009522
0.009826
0.010437
0.009522
0.009948
0.01062
0.010621
0.009826
0.012757
0.010192
0.011292
0.011413
0.009278
0.00946
0.010071
0.011291
0.010376
0.010376
0.010376
0.008972
0.010132
0.008972
0.008056
0.008789
0.012757
0.009155
0.010132
0.010864
0.009033
0.011414
0.011352
0.012268
0.009094
0.012207
0.008972
0.011841
0.009827
0.011047
0.010925
0.008423
0.009521
0.009827
0.007813
0.007812
0.008423
0.008667
0.009338
0.007446
0.009644
0.009521
0.009156
0.009277
0.009033
0.010193
0.007812
0.007813
0.008667
0.008728
0.009094
0.010009
0.008423
0.009033
0.009216
0.007508
0.009338
0.012329
0.008666
0.014526
0.018494
0.014343
0.016418
0.015442
0.015991
0.016114
0.010864
0.010315
0.011963
0.01062
0.014343
0.010559
0.012512
0.009766
0.008789
0.009887
0.008423
0.009277
0.009399
0.009338
0.008179
0.008667
0.010071
0.009765
0.008423
0.010132
0.012695
0.009339
0.00885
0.008728
0.009704
0.01001
0.009216
0.009033
0.009643
0.009095
0.009765
0.009339
0.009277
0.009278
0.010009
0.008789
0.009949
0.008423
0.009094
0.010132
0.009399
0.010132
0.010193
0.010559
0.008484
0.008483
0.008545
0.009461
0.009522
0.011597
0.00769
0.011414
0.009033
0.009033
0.008118
0.01062
0.009155
0.008483
0.008851
0.008728
0.008239
0.010071
0.008606
0.01123
0.009521
0.00946
0.008667
0.008301
0.00824
0.009156
0.008911
0.008911
0.009277
0.008544
0.007629
0.00885
0.008056
0.01117
0.008362
0.008789
0.008117
0.009033
0.01117
0.00946
0.008667
0.007812
0.008972
0.009582
0.010254
0.008606
0.008789
0.008056
0.008117
0.008179
0.00946
0.01001
0.0083
0.009766
0.009094
0.007751
0.006836
0.011597
0.009582
0.010926
0.010253
0.008057
0.008239
0.011902
0.008972
0.009033
0.008606
0.010376
0.009766
0.009338
0.008118
0.009094
0.00885
0.009094
0.009338
0.009521
0.009338
0.009644
0.009582
0.009644
0.010803
0.010681
0.009522
0.00946
0.011658
0.00946
0.009339
0.012512
0.009887
0.010498
0.0094
0.01001
0.010864
0.010254
0.010437
0.010009
0.008973
0.010498
0.009521
0.010132
0.010315
0.009582
0.011048
0.010681
0.009277
0.01001
0.00946
0.011353
0.010437
0.013366
0.009705
0.009338
0.010865
0.010314
0.012024
0.010925
0.010803
0.008606
0.010315
0.008911
0.010315
0.009522
0.008606
0.011047
0.010498
0.010315
0.010681
0.010254
0.009461
0.010925
0.009033
0.00885
0.009583
0.009521
0.009766
0.008178
0.011048
0.008057
0.010559
0.010681
0.01001
0.010681
0.012146
0.012085
0.010803
0.009826
0.009522
0.009277
0.008972
0.010437
0.010498
0.010071
0.010498
0.00885
0.010437
0.008911
0.010864
0.009033
0.012146
0.010742
0.012818
0.009582
0.010803
0.009766
0.010681
0.00885
0.010071
0.009521
0.009522
0.011108
0.012146
0.010986
0.009034
0.009338
0.009888
0.010681
0.012512
0.01123
0.010376
0.008423
0.010803
0.010437
0.009034
0.010742
0.010193
0.010498
0.009826
0.008667
0.009949
0.010437
0.010681
0.009033
0.010559
0.01001
0.011108
0.010864
0.010193
0.01001
0.012451
0.010864
0.010376
0.010315
0.011291
0.009339
0.009521
0.008972
0.010315
0.01062
0.01001
0.010803
0.009705
0.008789
0.010559
0.010681
0.010315
0.010254
0.010681
0.010498
0.01001
0.008972
0.010864
0.009644
0.011718
0.010499
0.009643
0.011597
0.009704
0.010498
0.009155
0.011841
0.011902
0.011413
0.010132
0.010132
0.010559
0.009582
0.009339
0.010803
0.008789
0.009766
0.010986
0.009399
0.012757
0.01062
0.010559
0.009399
0.012024
0.011719
0.014587
0.014893
0.019836
0.015808
0.01709
0.015503
0.016235
0.016479
0.015869
0.015625
0.015625
0.022827
0.021912
0.016296
0.016541
0.016357
0.010986
0.01117
0.011413
0.01178
0.014404
0.014343
0.009948
0.009827
0.008301
0.008606
0.0094
0.009704
0.009644
0.012207
0.008911
0.007873
0.008789
0.010193
0.01532
0.012268
0.016662
0.022583
0.02124
0.021911
0.020996
0.016907
0.017761
0.016907
0.016296
0.017029
0.01654
0.017395
0.014527
0.018982
0.015564
0.015258
0.011475
0.011047
0.012146
0.014831
0.020996
0.011841
0.010803
0.010071
0.008911
0.009399
0.009461
0.014893
0.010986
0.011169
0.017028
0.018005
0.018371
0.024781
0.021484
0.014892
0.01593
0.016053
0.019226
0.017884
0.017456
0.018798
0.015442
0.01355
0.01709
0.013366
0.013062
0.012268
0.011108
0.010498
0.013306
0.013306
0.010131
0.009766
0.011291
0.014038
0.017212
0.017517
0.013488
0.01886
0.019043
0.013855
0.020385
0.02179
0.016723
0.013855
0.014588
0.014649
0.016357
0.016724
0.010681
0.016113
0.012146
0.014953
0.014038
0.011963
0.012634
0.01886
0.015076
0.010498
0.010559
0.010864
0.012207
0.009949
0.010987
0.009034
0.013794
0.010376
0.017029
0.021667
0.019837
0.017395
0.024231
0.018005
0.01355
0.021912
0.017944
0.019654
0.014465
0.014831
0.013916
0.014282
0.01532
0.01654
0.016907
0.015381
0.015808
0.013489
0.015137
0.010986
0.011597
0.01062
0.011536
0.015258
0.014405
0.009704
0.014038
0.017701
0.011657
0.018189
0.016967
0.020752
0.02362
0.018799
0.016174
0.013916
0.015686
0.014832
0.015563
0.016602
0.016907
0.018188
0.015259
0.01709
0.013306
0.016296
0.014343
0.017395
0.012512
0.010925
0.008667
0.013306
0.010315
0.010315
0.009949
0.009705
0.016479
0.014343
0.016297
0.017822
0.018127
0.019775
0.020508
0.014282
0.016907
0.015319
0.014466
0.016357
0.017212
0.01477
0.016541
0.017883
0.015747
0.013916
0.01062
0.013306
0.010009
0.015625
0.010804
0.01715
0.020325
0.014038
0.010803
0.01178
0.010498
0.015198
0.011108
0.015564
0.017334
0.014343
0.020447
0.018799
0.017639
0.014282
0.01654
0.014343
0.016358
0.01477
0.01648
0.016723
0.018433
0.0094
0.010681
0.01178
0.012879
0.008851
0.010315
0.012329
0.009155
0.008972
0.009339
0.009644
0.008728
0.014404
0.011108
0.011719
0.015442
0.01593
0.015869
0.01947
0.02417
