0.000183
0.000183
0.009522
0.010376
0.012329
0.01001
0.009948
0.009583
0.009033
0.008911
0.008911
0.00769
0.008728
0.007996
0.008239
0.008484
0.008972
0.007507
0.007813
0.007629
0.008178
0.007508
0.010498
0.010925
0.007873
0.009033
0.007019
0.007141
0.009766
0.008057
0.007141
0.007324
0.006226
0.007019
0.007202
0.008362
0.006958
0.009094
0.007812
0.007019
0.0083
0.008301
0.006653
0.007141
0.007934
0.007873
0.007813
0.007019
0.00885
0.007813
0.006531
0.008728
0.006714
0.008361
0.006714
0.00885
0.008423
0.009949
0.01007
0.01001
0.008422
0.008118
0.008117
0.007873
0.008484
0.007996
0.008728
0.010559
0.009888
0.00824
0.007934
0.008606
0.008667
0.010071
0.008179
0.007019
0.009277
0.008912
0.00824
0.011169
0.009278
0.008362
0.010437
0.010132
0.009338
0.009521
0.009217
0.009399
0.007324
0.009949
0.009277
0.009765
0.009583
0.011108
0.008423
0.009155
0.009216
0.009339
0.008484
0.007629
0.007324
0.008484
0.010315
0.010864
0.0094
0.009888
0.008911
0.009827
0.008972
0.008484
0.01001
0.008728
0.00885
0.007813
0.008362
0.009156
0.008484
0.013672
0.014648
0.0094
0.008911
0.007202
0.009033
0.009216
0.008301
0.007019
0.007812
0.01001
0.008423
0.010437
0.007812
0.007691
0.009216
0.011902
0.007324
0.007691
0.006836
0.007019
0.010559
0.00885
0.008545
0.007935
0.008179
0.009338
0.008728
0.009766
0.009338
0.009094
0.00708
0.007934
0.008301
0.008423
0.009521
0.009095
0.008728
0.008667
0.007019
0.00824
0.008362
0.007385
0.010193
0.008667
0.008606
0.008423
0.009887
0.008728
0.00763
0.007508
0.008483
0.009522
0.009094
0.008728
0.007934
0.009522
0.00885
0.008789
0.008667
0.008484
0.00824
0.007935
0.008423
0.009582
0.008362
0.00824
0.00885
0.008911
0.007446
0.013184
0.008178
0.008789
0.009033
0.008484
0.006592
0.009338
0.010132
0.008911
0.008484
0.009399
0.009766
0.008423
0.009827
0.009948
0.008667
0.009216
0.007996
0.007569
0.008911
0.011962
0.010682
0.007324
0.008728
0.00946
0.009583
0.012817
0.009705
0.009704
0.009339
0.007813
0.008789
0.009461
0.009339
0.008545
0.009155
0.009583
0.0094
0.009216
0.010132
0.010254
0.009277
0.007202
0.008667
0.009277
0.009094
0.008972
0.009949
0.009094
0.009278
0.008179
0.007568
0.013245
0.01117
0.008056
0.008972
0.008057
0.009887
0.007996
0.008789
0.008362
0.010193
0.008667
0.010559
0.009277
0.009277
0.009827
0.009765
0.008728
0.008912
0.008789
0.010376
0.008789
0.007446
0.008423
0.010071
0.009522
0.008667
0.011962
0.00885
0.009277
0.009582
0.00763
0.009033
0.008667
0.010315
0.008728
0.009155
0.009155
0.009827
0.007812
0.007995
0.009278
0.009216
0.010254
0.007934
0.009521
0.008362
0.009704
0.008606
0.008605
0.008484
0.009704
0.008484
0.010559
0.007629
0.008179
0.009643
0.009643
0.008972
0.008789
0.008911
0.010009
0.008973
0.008362
0.008484
0.008423
0.008483
0.007751
0.008667
0.007996
0.0083
0.007813
0.009278
0.009887
0.009827
0.010437
0.009033
0.010071
0.009643
0.009522
0.011474
0.011292
0.010071
0.009033
0.008362
0.009155
0.009278
0.009887
0.010376
0.009461
0.008484
0.009338
0.008728
0.009095
0.009521
0.009888
0.01062
0.01062
0.011413
0.010254
0.009644
0.008545
0.010071
0.008606
0.008911
0.012207
0.00946
0.009338
0.010132
0.007934
0.00885
0.008912
0.009399
0.009155
0.008545
0.009338
0.009888
0.009582
0.010437
0.009888
0.008728
0.008728
0.009643
0.009888
0.008789
0.009399
0.009827
0.008789
0.009521
0.008667
0.009582
0.012879
0.009399
0.009643
0.0094
0.007874
0.010681
0.009094
0.009826
0.00885
0.008789
0.007996
0.006531
0.009826
0.01001
0.009766
0.008422
0.008789
0.008423
0.009582
0.009766
0.008484
0.008789
0.010315
0.008911
0.010132
0.010681
0.009583
0.008117
0.009399
0.009583
0.009216
0.009644
0.010193
0.010376
0.009765
0.009399
0.007996
0.009094
0.008972
0.008362
0.008667
0.009216
0.008728
0.009521
0.009705
0.009277
0.00824
0.008179
0.009949
0.010009
0.009643
0.010987
0.010315
0.008545
0.009155
0.010437
0.010071
0.009033
0.009156
0.00885
0.009949
0.009582
0.009582
0.010193
0.009644
0.009949
0.009155
0.009827
0.009888
0.008972
0.009217
0.008972
0.009216
0.008911
0.007752
0.009399
0.010315
0.009582
0.010071
0.008972
0.009583
0.007569
0.008667
0.010376
0.009949
0.008057
0.007813
0.008057
0.008911
0.00824
0.008728
0.009399
0.01001
0.008178
0.008972
0.008545
0.008423
0.007935
0.009034
0.009887
0.009094
0.008545
0.007508
0.010864
0.009156
0.009582
0.009216
0.008057
0.009826
0.009277
0.008728
0.00885
0.010498
0.009339
0.009399
0.009888
0.008057
0.010437
0.010132
0.008667
0.009338
0.010071
0.008606
0.008545
0.008606
0.00946
0.009155
0.009338
0.008972
0.011597
0.007996
0.009826
0.008972
0.008179
0.00885
0.009583
0.010193
0.008606
0.008057
0.009034
0.009094
0.009521
0.009582
0.009094
0.008423
0.009033
0.010681
0.009522
0.009034
0.008117
0.009216
0.00885
0.009582
0.008972
0.012757
0.01062
0.012024
0.012878
0.008789
0.008667
0.008606
0.009155
0.008972
0.008667
0.010071
0.009033
0.009155
0.007873
0.009705
0.009827
0.009461
0.009704
0.008178
0.009582
0.007446
0.008362
0.008728
0.009216
0.008056
0.009827
0.01239
0.010132
0.010986
0.008484
0.00824
0.007141
0.010437
0.008728
0.008484
0.008728
0.010315
0.008911
0.009766
0.009643
0.010193
0.009155
0.008606
0.008179
0.008667
0.009277
0.009216
0.007995
0.009399
0.009766
0.009399
0.009644
0.008545
0.011535
0.01062
0.010193
0.008423
0.011047
0.009095
0.008667
0.009277
0.008972
0.010071
0.00946
0.009278
0.008362
0.009521
0.008667
0.008239
0.010315
0.009583
0.008972
0.008973
0.009033
0.008972
0.008484
0.008362
0.010437
0.009155
0.011536
0.008972
0.008362
0.009217
0.00946
0.008789
0.009887
0.008423
0.008545
0.010009
0.008973
0.009583
0.009826
0.009094
0.0094
0.008972
0.009827
0.009582
0.008361
0.00769
0.009216
0.008972
0.010742
0.010498
0.008362
0.009765
0.01239
0.010193
0.010254
0.00885
0.008667
0.008606
0.009583
0.009094
0.01062
0.009216
0.0094
0.008667
0.009949
0.008606
0.009583
0.008911
0.009338
0.00946
0.010864
0.009827
0.010315
0.010132
0.009399
0.009216
0.010742
0.01062
0.012817
0.009522
0.010071
0.009887
0.009461
0.007874
0.010315
0.010315
0.00885
0.007813
0.008789
0.009217
0.007813
0.009827
0.01062
0.009033
0.009033
0.009278
0.008911
0.010315
0.008911
0.009033
0.009216
0.008728
0.008972
0.011048
0.009704
0.010193
0.010498
0.008972
0.007935
0.007691
0.009521
0.008789
0.005615
0.008483
0.007752
0.008911
0.007263
0.008789
0.00708
0.009521
0.008056
0.00824
0.008606
0.00946
0.009034
0.008484
0.009338
0.010254
0.008056
0.007873
0.008118
0.013305
0.005432
0.010071
0.008972
0.009766
0.009949
0.007629
0.008362
0.00824
0.007385
0.008606
0.006165
0.009155
0.009705
0.009461
0.008911
0.008606
0.010131
0.008484
0.009277
0.009766
0.009033
0.009704
0.009339
0.009155
0.009399
0.007019
0.012756
0.007385
0.009216
0.007263
0.008728
0.008973
0.009338
0.007324
0.010009
0.009339
0.009033
0.009766
0.009338
0.008362
0.0094
0.007873
0.008972
0.008606
0.007691
0.007874
0.009643
0.008362
0.008057
0.010742
0.009399
0.008789
0.009765
0.008545
0.009582
0.009034
0.008484
0.008118
0.008118
0.00824
0.008301
0.00946
0.009949
0.009948
0.009095
0.008606
0.0094
0.009643
0.009461
0.007874
0.008484
0.00769
0.008728
0.00763
0.009033
0.011658
0.00824
0.007812
0.009094
0.010987
0.008667
0.009094
0.0094
0.009521
0.008728
0.008911
0.008667
0.009338
0.00708
0.010803
0.009461
0.008118
0.007751
0.008728
0.008362
0.008973
0.008423
0.010437
0.009277
0.007873
0.010987
0.009582
0.0083
0.008789
0.007324
0.008056
0.011658
0.009704
0.009278
0.009155
0.007934
0.008423
0.009216
0.008911
0.00946
0.009155
0.009461
0.008606
0.008667
0.007691
0.008728
0.007507
0.009155
0.009339
0.008239
0.008667
0.009095
0.007995
0.009156
0.008117
0.007141
0.007934
0.010132
0.008483
0.010254
0.010071
0.00885
0.011292
0.009338
0.00946
0.008545
0.009461
0.008056
0.008179
0.006958
0.008483
0.007935
0.009338
0.008606
0.009339
0.00885
0.00763
0.009095
0.009399
0.009156
0.008545
0.00769
0.007751
0.008667
0.012391
0.009338
0.00763
0.008362
0.009094
0.008789
0.008606
0.009827
0.009643
0.008545
0.006836
0.008728
0.008301
0.007568
0.007508
0.009033
0.008056
0.00824
0.010742
0.00824
0.008606
0.009583
0.009399
0.008789
0.00879
0.008545
0.011658
0.00885
0.007507
0.009277
0.009522
0.010314
0.007446
0.009827
0.009582
0.008545
0.008911
0.014648
0.018738
0.010925
0.009949
0.00885
0.009033
0.011902
0.009155
0.008972
0.009339
0.008362
0.007507
0.009155
0.010437
0.008911
0.008423
0.010803
0.009705
0.007874
0.009827
0.008484
0.010254
0.009826
0.009339
0.009277
0.008973
0.009033
0.01001
0.009705
0.01007
0.010437
0.009155
0.009217
0.00885
0.009216
0.010987
0.009582
0.009339
0.009949
0.008728
0.011719
0.009887
0.011475
0.010071
0.009644
0.011109
0.009399
0.010193
0.01001
0.008423
0.009461
0.010253
0.010315
0.007507
0.011109
0.010192
0.008789
0.010803
0.009338
0.009338
0.007934
0.008301
0.010925
0.009582
0.008423
0.008362
0.009461
0.009033
0.009582
0.011657
0.011292
0.009521
0.010193
0.00885
0.010132
0.007752
0.008179
0.009705
0.009461
0.008789
0.009888
0.009522
0.007508
0.007812
0.008789
0.009521
0.00946
0.008972
0.008667
0.008301
0.011719
0.013428
0.008851
0.009277
0.010132
0.009582
