0.000671
0.001221
0.008362
0.009216
0.0083
0.008606
0.007812
0.008301
0.009156
0.007934
0.009277
0.009521
0.00885
0.007752
0.007019
0.007202
0.008179
0.006347
0.007507
0.008545
0.007813
0.008057
0.009155
0.00824
0.007935
0.007202
0.007934
0.008117
0.008545
0.008056
0.008056
0.008545
0.008362
0.008606
0.008667
0.007996
0.008728
0.009216
0.008057
0.00824
0.009521
0.007751
0.008484
0.008483
0.008301
0.008178
0.007751
0.009644
0.008484
0.008484
0.009949
0.009765
0.010681
0.009888
0.007935
0.009461
0.008301
0.009765
0.010804
0.008423
0.009094
0.013855
0.019409
0.015137
0.017639
0.015137
0.015503
0.015747
0.016296
0.015015
0.016846
0.01648
0.016113
0.015197
0.017639
0.016541
0.017944
0.01709
0.014771
0.016845
0.021424
0.017395
0.016052
0.017639
0.017578
0.014282
0.018799
0.016357
0.016297
0.014892
0.020691
0.016236
0.018859
0.016053
0.01587
0.013855
0.017334
0.021546
0.016174
0.015808
0.017029
0.013122
0.016358
0.017883
0.016357
0.015564
0.015564
0.014465
0.016297
0.015136
0.017823
0.018432
0.015503
0.01355
0.018067
0.018066
0.021973
0.018249
0.017273
0.019043
0.020691
0.021789
0.020508
0.022889
0.015503
0.020325
0.020202
0.020874
0.013977
0.014466
0.010681
0.018067
0.010132
0.01123
0.013611
0.015197
0.01471
0.015808
0.012634
0.01007
0.008728
0.010986
0.010559
0.009338
0.008972
0.008972
0.010193
0.007446
0.010559
0.008667
0.01123
0.010132
0.009094
0.009094
0.010864
0.010743
0.014221
0.012146
0.009217
0.009094
0.009461
0.007813
0.010315
0.00824
0.009216
0.009643
0.009094
0.008545
0.011048
0.008301
0.009278
0.008606
0.007996
0.008667
0.009033
0.009155
0.009521
0.00647
0.009338
0.009705
0.008728
0.011597
0.008484
0.009155
0.009278
0.007263
0.010254
0.009888
0.008301
0.010559
0.008728
0.009155
0.008362
0.007629
0.009338
0.00946
0.008423
0.00885
0.009094
0.010315
0.008301
0.009888
0.007752
0.009094
0.009887
0.009521
0.009522
0.011047
0.00946
0.008423
0.009399
0.008545
0.009826
0.008362
0.009582
0.009339
0.008178
0.008789
0.008484
0.008789
0.009033
0.009339
0.008911
0.009522
0.007385
0.009034
0.007691
0.009948
0.008728
0.008728
0.008362
0.008423
0.009033
0.009949
0.00885
0.009216
0.009583
0.00946
0.009033
0.008484
0.010253
0.009583
0.009766
0.009583
0.009583
0.008911
0.008362
0.009888
0.010132
0.010254
0.01007
0.007019
0.009399
0.008911
0.008301
0.007446
0.008606
0.008057
0.009155
0.010315
0.009033
0.00885
0.010254
0.009583
0.009216
0.008728
0.008422
0.008545
0.008789
0.009095
0.008789
0.009278
0.008118
0.008789
0.008484
0.009338
0.008911
0.009827
0.013672
0.017273
0.014831
0.021179
0.020935
0.014954
0.016541
0.014892
0.018555
0.018433
0.019959
0.024841
0.021912
0.021118
0.022461
0.026428
0.019775
0.017334
0.02417
0.019836
0.023193
0.023377
0.023742
0.022644
0.016419
0.017334
0.013183
0.01294
0.018494
0.016601
0.016357
0.017212
0.021729
0.016479
0.016541
0.01709
0.015808
0.01416
0.019226
0.013245
0.0177
0.01178
0.011047
0.013122
0.01648
0.015564
0.014282
0.011719
0.009521
0.009461
0.010803
0.009644
0.009704
0.011414
0.010864
0.011292
0.010315
0.008301
0.010925
0.008728
0.008545
0.008118
0.008362
0.008911
0.01062
0.012878
0.013061
0.015076
0.01593
0.008911
0.012391
0.015258
0.008545
0.010376
0.009765
0.011109
0.009582
0.01117
0.010193
0.008483
0.011108
0.009827
0.009582
0.009949
0.011169
0.009888
0.008057
0.008545
0.009277
0.009949
0.009461
0.011048
0.009339
0.011535
0.011597
0.010681
0.009217
0.011536
0.010193
0.010193
0.008667
0.010986
0.010253
0.009034
0.009278
0.008362
0.009521
0.009888
0.008423
0.010132
0.010193
0.007996
0.009216
0.009156
0.009094
0.008972
0.011352
0.009339
0.012268
0.008301
0.007934
0.009704
0.01001
0.009949
0.009217
0.009643
0.009949
0.008606
0.009033
0.008972
0.007629
0.008972
0.008484
0.010315
0.009216
0.009888
0.008484
0.00885
0.009094
0.008423
0.009034
0.009399
0.00885
0.007752
0.013305
0.010498
0.0094
0.010009
0.008484
0.00885
0.009644
0.008911
0.010132
0.009582
0.009521
0.007934
0.008484
0.01007
0.008789
0.009033
0.009888
0.007812
0.008911
0.008361
0.009766
0.009522
0.009278
0.008057
0.009277
0.011291
0.009277
0.008972
0.010193
0.009094
0.009094
0.008728
0.008728
0.00647
0.009521
0.010132
0.008606
0.008728
0.009033
0.009033
0.00824
0.008301
0.008728
0.008362
0.008606
0.010193
0.008057
0.008301
0.009888
0.009888
0.008118
0.010864
0.007996
0.010315
0.009155
0.008301
0.008972
0.008667
0.009522
0.009338
0.009277
0.008789
0.008423
0.009277
0.009582
0.00824
0.009155
0.008545
0.010437
0.009155
0.008118
0.010681
0.008789
0.009766
0.007751
0.009583
0.008057
0.012451
0.00769
0.008606
0.010742
0.0094
0.009765
0.01001
0.008728
0.007995
0.010071
0.009705
0.008484
0.009582
0.011048
0.009095
0.009522
0.009155
0.008545
0.009583
0.008118
0.00824
0.009583
0.009888
0.009887
0.008789
0.010803
0.009033
0.009339
0.00824
0.009461
0.009033
0.010193
0.010132
0.009155
0.008605
0.008789
0.008484
0.009521
0.010925
0.010132
0.008605
0.009034
0.016113
0.013305
0.017639
0.016418
0.015747
0.014405
0.013
0.011048
0.01007
0.013
0.010803
0.012146
0.010254
0.011657
0.009949
0.010986
0.013794
0.01416
0.009277
0.010925
0.012634
0.011474
0.011597
0.010864
0.011169
0.011048
0.010681
0.009095
0.009704
0.008606
0.009277
0.009277
0.011169
0.007812
0.010132
0.009521
0.00824
0.011535
0.008362
0.013061
0.010376
0.009644
0.010253
0.009339
0.010803
0.01001
0.008362
0.010254
0.008728
0.009339
0.010437
0.010315
0.007751
0.010314
0.009094
0.00885
0.009644
0.008911
0.012939
0.011719
0.01062
0.010621
0.013733
0.017151
0.011474
0.012512
0.018494
0.016723
0.011414
0.016479
0.016113
0.011292
0.010681
0.011108
0.010742
0.009705
0.008911
0.009888
0.008361
0.009094
0.009948
0.009156
0.009888
0.009399
0.009399
0.010987
0.008973
0.01007
0.009643
0.010071
0.013122
0.009094
0.013245
0.011963
0.009217
0.010009
0.013672
0.012573
0.010987
0.010681
0.007691
0.008851
0.008179
0.008362
0.009887
0.011291
0.009461
0.009339
0.008667
0.009888
0.009399
0.01062
0.0094
0.0094
0.009826
0.010315
0.008973
0.01361
0.011047
0.01001
0.009155
0.01062
0.009095
0.009339
0.010742
0.010376
0.010804
0.010742
0.00946
0.010559
0.012939
0.009522
0.00885
0.009582
0.008545
0.008484
0.008606
0.009521
0.008911
0.010437
0.009582
0.008972
0.012329
0.011597
0.008972
0.01471
0.009155
0.009399
0.009338
0.009949
0.009095
0.009948
0.010376
0.009399
0.009948
0.010498
0.009888
0.008972
0.008606
0.008973
0.00885
0.011108
0.009766
0.008972
0.010193
0.009765
0.009033
0.009888
0.009216
0.010865
0.009522
0.012207
0.010071
0.009948
0.009705
0.007996
0.00708
0.008484
0.009583
0.009339
0.010742
0.008301
0.008362
0.009094
0.009095
0.008239
0.010132
0.009827
0.010437
0.006409
0.009887
0.010193
0.009216
0.009948
0.009766
0.009155
0.009826
0.008789
0.007752
0.010315
0.00885
0.007873
0.009522
0.009155
0.009826
0.009827
0.009278
0.00946
0.009033
0.008911
0.009155
0.010865
0.008972
0.008118
0.008666
0.009766
0.008056
0.008484
0.009094
0.008667
0.008911
0.009948
0.009338
0.009522
0.010865
0.009216
0.010681
0.009705
0.009277
0.009339
0.010254
0.010009
0.008056
0.008484
0.010132
0.009949
0.010742
0.010437
0.008484
0.009217
0.009705
0.008118
0.010986
0.012634
0.009521
0.008728
0.008911
0.011536
0.010742
0.011291
0.007691
0.0094
0.008789
0.011292
0.00763
0.01001
0.009094
0.00885
0.00769
0.009888
0.011109
0.010498
0.010559
0.009827
0.009826
0.008789
0.008606
0.010498
0.009643
0.009949
0.007996
0.009155
0.00885
0.00885
0.009094
0.011963
0.010559
0.008423
0.009034
0.009155
0.010132
0.009094
0.008606
0.008728
0.010071
0.010559
0.007751
0.011109
0.010253
0.009156
0.009887
0.007507
0.009827
0.010559
0.008423
0.009582
0.012085
0.015991
0.01001
0.010009
0.009888
0.010498
0.010193
0.009948
0.011658
0.009888
0.010132
0.008606
0.008179
0.008117
0.009583
0.010009
0.009827
0.010132
0.00769
0.008789
0.008179
0.009644
0.008484
0.009156
0.010131
0.0094
0.009155
0.007934
0.009155
0.009338
0.007812
0.010254
0.008483
0.010559
0.005188
0.008911
0.009156
0.008911
0.007691
0.009705
0.008667
0.008483
0.010193
0.010254
0.007629
0.0094
0.008545
0.009155
0.009338
0.009888
0.009278
0.008606
0.008972
0.008606
0.007569
0.009461
0.010376
0.009521
0.010803
0.008057
0.009582
0.011597
0.009826
0.010132
0.009827
0.009399
0.008545
0.009705
0.010132
0.00946
0.008483
0.008118
0.010926
0.012878
0.016846
0.008728
0.008728
0.008423
0.009765
0.009522
0.008301
0.008545
0.009948
0.00885
0.009399
0.007935
0.010559
0.008728
0.008728
0.008423
0.009643
0.010315
0.009583
0.00946
0.009521
0.007568
0.007629
0.007263
0.009948
0.010682
0.008972
0.007568
0.009704
0.009399
0.009583
0.009277
0.00885
0.008423
0.008362
0.00885
0.011292
0.008301
0.007874
0.007202
0.009582
0.008179
0.009949
0.009399
0.009704
0.0094
0.008484
0.0083
0.009034
0.009033
0.00946
0.008423
0.007751
0.008423
0.008667
0.007019
0.010376
0.008301
0.009216
0.00885
0.008728
0.009705
0.011596
0.009094
0.009827
0.009338
0.009521
0.008789
0.008484
0.009765
0.00824
0.008667
0.009765
0.008728
0.009156
0.008545
0.00763
0.008484
0.009583
0.008301
0.008362
0.009643
0.008606
0.009338
0.010193
0.009888
0.008423
0.011108
0.010742
