6.1e-05
0.000916
0.006103
0.00592
0.006836
0.005738
0.002624
0.002686
0.003113
0.003723
0.004517
0.004211
0.004639
0.0047
0.003906
0.004089
0.004516
0.004334
0.004455
0.004699
0.004273
0.004394
0.004456
0.004272
0.0047
0.004639
0.00531
0.005066
0.005249
0.004578
0.00409
0.003051
0.003356
0.003296
0.003235
0.005249
0.005615
0.005615
0.007324
0.00769
0.008545
0.00586
0.006164
0.005126
0.005249
0.005738
0.005554
0.005249
0.005371
0.002868
0.002564
0.002746
0.002076
0.002685
0.002503
0.002258
0.002198
0.002502
0.003052
0.002014
0.002319
0.002686
0.003174
0.002502
0.002198
0.002258
0.002563
0.00232
0.002624
0.002381
0.002685
0.002015
0.002624
0.002442
0.00299
0.002442
0.002624
0.004334
0.005554
0.003235
0.002259
0.002258
0.00238
0.002625
0.002441
0.002198
0.002075
0.002991
0.00238
0.002503
0.003662
0.006775
0.005005
0.005371
0.005188
0.004883
0.005371
0.005432
0.005249
0.006165
0.006225
0.006775
0.00592
0.006226
0.005005
0.005555
0.005493
0.004822
0.005249
0.007019
0.008423
0.004883
0.005493
0.004639
0.005249
0.005188
0.00531
0.005005
0.006103
0.005738
0.00592
0.005432
0.005737
0.005554
0.005249
0.005494
0.005249
0.007446
0.006592
0.005615
0.006104
0.005127
0.004944
0.005188
0.005004
0.005433
0.005554
0.005371
0.004761
0.005859
0.00647
0.005737
0.004517
0.005616
0.005615
0.005188
0.005432
0.005799
0.006287
0.006103
0.005127
0.006104
0.006347
0.005859
0.004212
0.003235
0.003357
0.00647
0.008118
0.006652
0.005615
0.006287
0.006531
0.00354
0.003174
0.002197
0.002014
0.002258
0.002564
0.002563
0.002319
0.002319
0.00293
0.002502
0.002441
0.003418
0.004578
0.004883
0.004944
0.004211
0.00531
0.003968
0.002502
0.002197
0.002259
0.002807
0.002258
0.00238
0.002503
0.002319
0.002563
0.002808
0.002625
0.003234
0.003785
0.002563
0.002258
0.002319
0.002624
0.003785
0.003357
0.002258
0.002808
0.002929
0.002503
0.002136
0.002808
0.00238
0.00232
0.002502
0.003052
0.002259
0.003112
0.002564
0.002808
0.002502
0.002136
0.00232
0.002563
0.002503
0.002136
0.002869
0.002685
0.00238
0.002441
0.002381
0.002563
0.002564
0.002563
0.002442
0.002807
0.002197
0.002319
0.00232
0.002502
0.00232
0.002502
0.002197
0.00232
0.002808
0.002441
0.00238
0.002624
0.00238
0.002442
0.002502
0.00293
0.002625
0.002563
0.002259
0.002075
0.00238
0.00232
0.002319
0.00238
0.002747
0.002625
0.005127
0.005615
0.004517
0.004333
0.004272
0.003235
0.004333
0.005982
0.006043
0.00592
0.004456
0.003662
0.004944
0.005555
0.004639
0.002624
0.002747
0.00238
0.002381
0.002258
0.00293
0.003052
0.002258
0.003113
0.003601
0.005066
0.005249
0.003173
0.005372
0.0047
0.004516
0.003418
0.003051
0.003113
0.00293
0.004395
0.003296
0.003601
0.003235
0.003357
0.005249
0.008667
0.00763
0.005676
0.005371
0.004455
0.005432
0.003967
0.003357
0.005005
0.004029
0.002502
0.002503
0.002258
0.002625
0.002075
0.002136
0.00232
0.002746
0.002564
0.002075
0.002197
0.003113
0.004394
0.002624
0.002319
0.002685
0.002564
0.002319
0.002563
0.002807
0.002564
0.002624
0.002259
0.002746
0.002137
0.002441
0.002136
0.002503
0.002136
0.002564
0.002686
0.002563
0.002502
0.002685
0.002441
0.002502
0.003174
0.002319
0.002381
0.002502
0.002442
0.00238
0.002319
0.002136
0.002563
0.002259
0.002319
0.002197
0.002564
0.002319
0.002625
0.002197
0.002197
0.001953
0.002258
0.002502
0.00232
0.002319
0.004212
0.002319
0.00293
0.002441
0.002564
0.002563
0.002381
0.002441
0.002502
0.002564
0.002258
0.003296
0.002258
0.002625
0.002563
0.002869
0.002686
0.002441
0.002442
0.002746
0.002625
0.002624
0.002503
0.002685
0.002442
0.002441
0.002014
0.00232
0.002197
0.002747
0.002502
0.002686
0.002441
0.002381
0.002136
0.003296
0.002563
0.002137
0.002258
0.002808
0.00238
0.002442
0.002197
0.002502
0.002258
0.002563
0.002198
0.004089
0.003052
0.003235
0.00354
0.003723
0.003663
0.003479
0.005066
0.007019
0.005798
0.005798
0.003907
0.002624
0.002197
0.003051
0.002503
0.003174
0.002929
0.003052
0.002259
0.00238
0.00238
0.002137
0.002258
0.002075
0.002075
0.003112
0.005066
0.004456
0.00647
0.002258
0.004822
0.003906
0.003052
0.002197
0.00238
0.002319
0.002502
0.002259
0.003418
0.002502
0.002197
0.002502
0.002747
0.003051
0.002685
0.002747
0.003052
0.002502
0.002442
0.002685
0.002747
0.002319
0.002564
0.00238
0.002869
0.002502
0.002503
0.00238
0.004456
0.003112
0.004089
0.004273
0.003845
0.003601
0.003662
0.006347
0.006287
0.005554
0.003906
0.002747
0.00238
0.002502
0.003113
0.003357
0.002075
0.002136
0.003296
0.002137
0.002624
0.003296
0.005982
0.004699
0.003296
0.005371
0.002808
0.00293
0.002197
0.002564
0.002624
0.003174
0.002442
0.002319
0.002198
0.003784
0.002441
0.002503
0.002807
0.004151
0.002441
0.002686
0.002441
0.002259
0.002502
0.002381
0.002624
0.002747
0.002075
0.002197
0.002198
0.002746
0.002137
0.002502
0.002441
0.00299
0.002747
0.00238
0.00293
0.002319
0.002808
0.002381
0.00238
0.002625
0.00238
0.002258
0.002259
0.002685
0.002503
0.00238
0.002259
0.003234
0.002503
0.002563
0.00232
0.002746
0.002014
0.002502
0.002014
0.002381
0.002624
0.002076
0.002685
0.002442
0.002624
0.002503
0.002624
0.00232
0.002442
0.002258
0.002258
0.002381
0.003052
0.002258
0.002014
0.002381
0.002929
0.002503
0.002319
0.00232
0.00238
0.002503
0.002075
0.002197
0.002503
0.002441
0.002197
0.002259
0.002441
0.002198
0.00238
0.002563
0.002625
0.002319
0.00232
0.001892
0.002503
0.002502
0.002319
0.002503
0.003052
0.002441
0.002381
0.002502
0.002686
0.002319
0.002258
0.00232
0.00299
0.002136
0.001831
0.002381
0.001831
0.002563
0.002198
0.003601
0.004577
0.003295
0.002686
0.002503
0.002258
0.00293
0.002441
0.002564
0.002136
0.002869
0.002502
0.002259
0.002502
0.002624
0.002564
0.00238
0.00232
0.003051
0.002441
0.002014
0.00232
0.002624
0.002258
0.00238
0.00238
0.002442
0.002319
0.002381
0.002319
0.002869
0.002563
0.002259
0.002136
0.002747
0.002441
0.002747
0.002319
0.002564
0.002258
0.002014
0.002319
0.002259
0.002808
0.002319
0.002197
0.002503
0.002441
0.002381
0.002197
0.002258
0.002808
0.002441
0.002381
0.002197
0.00238
0.002563
0.002197
0.002564
0.00293
0.002441
0.002136
0.002502
0.002808
0.002441
0.002442
0.002197
0.002991
0.00238
0.002625
0.002563
0.003723
0.002747
0.002563
0.002442
0.00238
0.003052
0.002503
0.002441
0.002625
0.002502
0.002747
0.002685
0.002259
0.002563
0.002625
0.00238
0.002502
0.00409
0.002136
0.002259
0.002563
0.002686
0.00238
0.00232
0.002258
0.002625
0.002258
0.00238
0.002137
0.003296
0.00238
0.002441
0.002136
0.002563
0.002564
0.002502
0.00232
0.002563
0.002808
0.002258
0.002319
0.00238
0.002625
0.002319
0.002503
0.002685
0.004699
0.003357
0.003967
0.003723
0.003785
0.004455
0.003662
0.004821
0.007202
0.005554
0.004395
0.004089
0.003907
0.002746
0.003296
0.00232
0.002807
0.002502
0.002441
0.002441
0.002014
0.002625
0.002258
0.00238
0.002442
0.002014
0.003174
0.004578
0.004394
0.005188
0.002868
0.0047
0.002869
0.002563
0.002442
0.002319
0.002258
0.002076
0.002075
0.002685
0.002076
0.002441
0.002136
0.002564
0.002564
0.003051
0.003601
0.002015
0.003357
0.002197
0.002136
0.002319
0.002747
0.002258
0.001953
0.002014
0.002686
0.002563
0.002381
0.002075
0.002624
0.002197
0.002319
0.002503
0.002197
0.00293
0.002624
0.002015
0.002014
0.001831
0.001953
0.002258
0.002259
0.002197
0.002197
0.00232
0.002014
0.002197
0.002197
0.002625
0.002258
0.002564
0.002197
0.002197
0.003052
0.002258
0.002808
0.002197
0.002076
0.002075
0.002746
0.002137
0.002319
0.002075
0.002686
0.002136
0.002442
0.002258
0.002563
0.002076
0.002136
0.002197
0.002808
0.002258
0.003113
0.002502
0.003174
0.003662
0.002503
0.002258
0.002442
0.002319
0.001953
0.002564
0.00238
0.002258
0.002259
0.002441
0.002075
0.002198
0.002441
0.002502
0.002259
0.002685
0.002503
0.002136
0.002381
0.002807
0.002076
0.002441
0.002502
0.002136
0.002685
0.002015
0.002197
0.003052
0.002441
0.002381
0.002502
0.002808
0.002502
0.00232
0.001953
0.002075
0.002502
0.002259
0.00238
0.002503
0.002624
0.002442
0.002563
0.002503
0.002258
0.002624
0.00238
0.002685
0.002808
0.002503
0.002136
0.002319
0.002747
0.002258
0.002564
0.002624
0.002625
0.002685
0.002381
0.002502
0.002808
0.002685
0.002503
0.00238
0.002747
0.002319
0.002015
0.002441
0.003174
0.002686
0.002563
0.002319
0.002686
0.002503
0.002441
0.002258
0.00232
0.002197
0.00238
0.002076
0.002502
0.002747
0.00238
0.002198
0.002014
0.002563
0.002381
0.002075
0.00238
0.003113
0.002503
0.002258
0.002075
0.002381
0.002502
0.002503
0.002258
0.002686
0.002197
0.002564
0.002319
0.002503
0.002929
0.002991
0.002197
0.002076
0.002441
0.00232
0.00238
0.002319
0.002747
0.002441
0.002137
0.002624
0.002503
0.002319
0.002381
0.001953
0.002685
0.004334
0.002502
0.002503
0.002319
0.002136
0.002319
0.002502
0.002564
0.002563
0.002442
0.002197
0.002808
0.002197
0.002319
0.002441
0.002624
0.001953
0.003784
0.002136
0.003601
0.002686
0.002197
0.002259
0.002624
0.002625
0.00238
0.002503
0.002319
0.002625
0.002136
0.00238
0.002929
0.002503
0.002563
0.002564
0.002563
0.002503
0.002258
0.002381
0.002563
0.001892
0.002381
0.002014
0.002503
0.002563
0.002564
0.00238
0.002258
0.002503
