0.000916
0.000122
0.00238
0.002625
0.00177
0.001953
0.001892
0.002075
0.001709
0.001892
0.000915
0.000977
0.001342
0.000977
0.001221
0.001587
0.001159
0.001099
0.001343
0.001526
0.001342
0.000794
0.00116
0.000976
0.000855
0.00122
0.001221
0.001099
0.001221
0.00177
0.002075
0.00177
0.001709
0.002502
0.001831
0.001953
0.003051
0.002441
0.002502
0.001832
0.002319
0.002319
0.00232
0.002563
0.002137
0.002075
0.002685
0.001954
0.002319
0.001953
0.00232
0.002319
0.00238
0.002442
0.002136
0.002503
0.002136
0.001953
0.002197
0.002808
0.00238
0.002381
0.002502
0.002137
0.002441
0.002136
0.002014
0.002197
0.002258
0.001893
0.002136
0.002197
0.002136
0.002259
0.001953
0.002502
0.004333
0.002991
0.002503
0.002136
0.00238
0.00232
0.002014
0.002808
0.002197
0.003784
0.005921
0.002563
0.002136
0.002136
0.002563
0.002381
0.001953
0.002014
0.002197
0.00238
0.002624
0.002076
0.00238
0.002747
0.002197
0.002197
0.001953
0.002381
0.002563
0.003907
0.002258
0.002258
0.001953
0.00177
0.001954
0.002014
0.002502
0.002075
0.002015
0.002014
0.001953
0.002441
0.00232
0.002319
0.002197
0.002381
0.002441
0.002136
0.002259
0.002441
0.001892
0.002197
0.002625
0.002136
0.001953
0.001648
0.002075
0.002015
0.002136
0.002136
0.002258
0.002076
0.002319
0.002014
0.002381
0.002075
0.00238
0.001953
0.001954
0.002319
0.00238
0.001953
0.002076
0.002136
0.002197
0.001892
0.002136
0.002381
0.001831
0.001831
0.002136
0.001953
0.001892
0.002198
0.002197
0.002014
0.002198
0.002319
0.002136
0.002136
0.002075
0.002137
0.002014
0.00238
0.001892
0.00232
0.00238
0.002014
0.002442
0.001831
0.002197
0.002075
0.002014
0.001832
0.001953
0.002075
0.002319
0.002075
0.001893
0.001953
0.002258
0.002075
0.001892
0.002381
0.002136
0.002075
0.002014
0.002015
0.002624
0.002442
0.001892
0.001953
0.002197
0.002197
0.001953
0.002137
0.002197
0.002258
0.001892
0.00232
0.001892
0.002319
0.002197
0.002075
0.002502
0.002442
0.002197
0.002014
0.002197
0.001892
0.002259
0.002136
0.002441
0.002076
0.002319
0.002136
0.002625
0.002258
0.002136
0.002442
0.001953
0.001953
0.002503
0.002014
0.002136
0.001892
0.002014
0.002197
0.002137
0.002136
0.002319
0.002076
0.00238
0.002624
0.002014
0.001953
0.002807
0.002198
0.002075
0.002075
0.001831
0.002137
0.002014
0.001892
0.001892
0.00238
0.003235
0.002685
0.002502
0.002136
0.00238
0.003845
0.002319
0.00238
0.002808
0.002136
0.00232
0.002319
0.002502
0.002381
0.002136
0.002075
0.002198
0.002197
0.002014
0.002014
0.002075
0.002442
0.002075
0.00232
0.001831
0.002075
0.002502
0.001892
0.002564
0.00238
0.002259
0.002075
0.002319
0.002137
0.00238
0.002258
0.002686
0.002319
0.00232
0.002258
0.002136
0.002442
0.002441
0.00177
0.002198
0.002258
0.002197
0.002686
0.002319
0.003052
0.00177
0.002808
0.001953
0.002991
0.002075
0.002258
0.002564
0.002136
0.002503
0.003051
0.002197
0.002014
0.002258
0.001953
0.002686
0.002197
0.002076
0.00354
0.001953
0.002197
0.002014
0.002137
0.002258
0.002441
0.002198
0.002258
0.001892
0.002869
0.002319
0.002686
0.002319
0.002625
0.002319
0.002503
0.002441
0.002075
0.00232
0.001953
0.002136
0.002686
0.002258
0.002197
0.002076
0.002502
0.002564
0.002197
0.002563
0.00232
0.002319
0.002441
0.002259
0.00238
0.002747
0.002136
0.001953
0.002259
0.001831
0.002563
0.002197
0.002197
0.001953
0.002075
0.002198
0.002502
0.002686
0.00238
0.002014
0.00232
0.001892
0.002197
0.002258
0.002198
0.001709
0.001953
0.00238
0.002197
0.002198
0.001953
0.002686
0.002563
0.002075
0.002503
0.002258
0.002625
0.002319
0.001953
0.002198
0.00238
0.00238
0.001893
0.002441
0.002136
0.002198
0.002319
0.002136
0.002075
0.002319
0.002136
0.002014
0.002259
0.002441
0.002136
0.002137
0.002197
0.002014
0.002258
0.001953
0.001953
0.002319
0.002136
0.002808
0.002258
0.002441
0.002441
0.002137
0.002319
0.002319
0.002137
0.002319
0.001709
0.00177
0.002625
0.003235
0.001892
0.002319
0.001892
0.00232
0.002014
0.002258
0.002197
0.002808
0.002014
0.001953
0.002503
0.002258
0.002197
0.002441
0.003052
0.001953
0.002136
0.00238
0.00232
0.002319
0.002625
0.002258
0.002258
0.002015
0.002441
0.001709
0.002136
0.002381
0.002685
0.002259
0.001892
0.002319
0.001831
0.00293
0.002197
0.002137
0.002502
0.002197
0.002381
0.001892
0.002258
0.002014
0.002197
0.001892
0.002563
0.001893
0.002441
0.002441
0.002381
0.002136
0.002442
0.002563
0.002197
0.00238
0.002136
0.001831
0.002014
0.002259
0.002685
0.00232
0.002197
0.002075
0.00232
0.00238
0.002625
0.002319
0.002564
0.002502
0.002258
0.002442
0.002136
0.002441
0.002136
0.002197
0.002075
0.002259
0.002075
0.002136
0.00232
0.002014
0.001892
0.002197
0.002259
0.002197
0.002808
0.002563
0.002014
0.001953
0.002624
0.00232
0.001892
0.002319
0.002136
0.001953
0.002258
0.002197
0.002503
0.002075
0.002136
0.002197
0.002259
0.002624
0.00232
0.00238
0.002503
0.002563
0.002075
0.003113
0.002136
0.002503
0.00238
0.001831
0.002869
0.002319
0.00232
0.00238
0.002197
0.002198
0.002258
0.002319
0.002503
0.002075
0.002258
0.002137
0.002441
0.002136
0.002381
0.003052
0.002014
0.002197
0.002075
0.002503
0.002076
0.002502
0.002258
0.001831
0.00177
0.001954
0.002197
0.002014
0.002381
0.001892
0.002014
0.002441
0.002137
0.002868
0.002381
0.002258
0.002625
0.002441
0.002197
0.00238
0.002197
0.002137
0.002197
0.00238
0.002381
0.00238
0.001831
0.002258
0.002624
0.002075
0.001892
0.002808
0.002258
0.002197
0.002442
0.002563
0.001831
0.002319
0.00177
0.00293
0.002319
0.002014
0.002137
0.002441
0.002258
0.002259
0.001831
0.002258
0.002259
0.002136
0.002014
0.002197
0.001892
0.00238
0.002136
0.002137
0.00238
0.002319
0.002014
0.002075
0.00238
0.002197
0.002198
0.002929
0.003357
0.005005
0.005921
0.002808
0.002563
0.002442
0.002258
0.002319
0.002075
0.002259
0.00177
0.002258
0.00232
0.002258
0.002197
0.002198
0.001953
0.002502
0.00232
0.001831
0.002502
0.002198
0.003112
0.00232
0.002502
0.001892
0.002442
0.002441
0.002014
0.002808
0.002136
0.002137
0.002319
0.002868
0.00232
0.002441
0.002869
0.002991
0.002502
0.002075
0.00232
0.002258
0.002564
0.00238
0.002441
0.002198
0.002319
0.002014
0.002137
0.002197
0.002563
0.002259
0.002319
0.002503
0.002563
0.002075
0.001953
0.002197
0.001953
0.002319
0.002136
0.002197
0.002563
0.002259
0.002563
0.002503
0.002319
0.002014
0.002503
0.002014
0.002136
0.002198
0.002075
0.002014
0.002075
0.002198
0.002685
0.001892
0.002259
0.002136
0.002258
0.002381
0.00238
0.002014
0.001893
0.002685
0.002503
0.002014
0.001892
0.002441
0.002686
0.00238
0.002259
0.002075
0.002869
0.001953
0.002014
0.002014
0.002381
0.002258
0.002075
0.002075
0.002319
0.002258
0.002136
0.002197
0.002197
0.00232
0.00238
0.002319
0.00232
0.002563
0.002075
0.001954
0.002197
0.00238
0.002381
0.00238
0.002442
0.004516
0.004334
0.002441
0.002259
0.002014
0.002075
0.002747
0.002563
0.002075
0.002381
0.002685
0.002259
0.002563
0.002198
0.002319
0.001953
0.002503
0.002319
0.003052
0.002746
0.002319
0.002136
0.002503
0.002563
0.002442
0.002075
0.002014
0.002319
0.002686
0.002197
0.002381
0.002685
0.002869
0.002319
0.002258
0.002015
0.002868
0.003968
0.003784
0.002319
0.002686
0.002502
0.001648
0.002076
0.002258
0.002258
0.002198
0.00238
0.002258
0.002015
0.002258
0.002075
0.002381
0.002868
0.002442
0.002197
0.002136
0.002625
0.002258
0.002197
0.002259
0.002502
0.001953
0.00232
0.002136
0.002625
0.002502
0.00238
0.002442
0.002075
0.002503
0.002014
0.002197
0.002381
0.002258
0.002441
0.002136
0.002197
0.002258
0.002259
0.002258
0.002197
0.001892
0.002564
0.00238
0.001953
0.002442
0.002319
0.002136
0.002075
0.002259
0.00177
0.002258
0.002259
0.002136
0.001953
0.00238
0.001831
0.002686
0.002625
0.002197
0.002258
0.002747
0.001892
0.00238
0.00177
0.002259
0.002258
0.002136
0.002808
0.002441
0.002259
0.002136
0.002258
0.002076
0.002258
0.001831
0.002686
0.002197
0.00238
0.002747
0.001892
0.002319
0.002136
0.002442
0.002441
0.002076
0.002197
0.001831
0.00238
0.00232
0.002136
0.002136
0.002259
0.002136
0.002319
0.002625
0.002197
0.002014
0.003113
0.002381
0.00238
0.00293
0.002014
0.002014
0.002258
0.001831
0.002381
0.001953
0.002319
0.001831
0.002197
0.002258
0.002198
0.002441
0.001953
0.002747
0.002502
0.002075
0.002015
0.002563
0.002503
0.00238
0.002319
0.002686
0.002197
0.002197
0.002197
0.002258
0.001831
0.001831
0.002136
0.002137
0.001892
0.00238
0.002381
0.002502
0.002502
0.00238
0.002075
0.002136
0.002442
0.002075
0.002197
0.002381
0.002075
0.002502
0.001832
0.002319
0.002197
0.00177
0.002258
0.002136
0.002197
0.002381
0.002258
0.002503
0.002319
0.001892
0.002625
0.002441
0.002319
0.002442
0.002258
0.002259
0.002258
0.002258
0.002381
0.002807
0.00232
0.001831
0.002258
0.002258
0.00238
0.00177
0.002075
0.002747
0.00238
0.001831
0.00238
0.002258
0.00232
0.002258
0.002319
0.002259
0.002685
0.002136
0.002503
0.002197
0.002381
0.002441
0.002075
0.001892
0.001953
0.002136
0.002075
0.002442
0.002258
0.002319
0.002259
0.002258
0.002075
0.002197
0.002076
0.002136
0.002319
0.002564
0.002685
0.001953
0.002075
0.002197
0.002075
0.002076
0.002258
0.002258
0.003113
0.00238
0.00232
0.002319
0.002563
