0
0
0.006775
0.007019
0.007141
0.0083
0.007568
0.00885
0.008484
0.009339
0.007324
0.00708
0.006836
0.007263
0.006653
0.007263
0.006348
0.006897
0.009033
0.006287
0.006226
0.007385
0.007446
0.00653
0.005859
0.006531
0.007385
0.007263
0.009216
0.006775
0.007812
0.006653
0.005921
0.006836
0.006165
0.005921
0.007874
0.006531
0.007202
0.006958
0.006958
0.00531
0.006592
0.006775
0.006408
0.006531
0.007202
0.008484
0.007386
0.007446
0.006958
0.007325
0.006348
0.005493
0.006165
0.006836
0.006958
0.006897
0.006409
0.006897
0.006958
0.006409
0.006714
0.008911
0.008545
0.008728
0.008484
0.008117
0.008423
0.008118
0.008484
0.009277
0.008728
0.008362
0.007751
0.007385
0.008667
0.007813
0.007873
0.007812
0.009216
0.008057
0.00708
0.008789
0.007507
0.009033
0.008422
0.007325
0.008545
0.008972
0.008057
0.007935
0.008118
0.009033
0.008789
0.009217
0.007202
0.008423
0.00946
0.009277
0.00824
0.007263
0.008484
0.008484
0.008911
0.010925
0.010071
0.007812
0.007995
0.009216
0.008056
0.009156
0.009217
0.009277
0.009278
0.007386
0.008118
0.008301
0.0083
0.007995
0.009155
0.009156
0.00824
0.009095
0.008362
0.009033
0.007691
0.008911
0.009033
0.011535
0.01532
0.009766
0.009399
0.007813
0.01001
0.009216
0.00824
0.007568
0.007202
0.007569
0.007141
0.007446
0.007691
0.008057
0.008178
0.007935
0.008911
0.007691
0.008362
0.007996
0.007324
0.007324
0.0083
0.008484
0.010193
0.008179
0.008911
0.007568
0.008484
0.008728
0.007812
0.008545
0.008362
0.009277
0.007813
0.01062
0.008301
0.008606
0.007812
0.008728
0.00885
0.008667
0.007935
0.008117
0.015808
0.022522
0.020874
0.022339
0.023925
0.019837
0.022767
0.022766
0.025085
0.022156
0.021301
0.020691
0.012573
0.010742
0.010864
0.009216
0.009827
0.010132
0.009827
0.009644
0.009583
0.008911
0.010193
0.008789
0.007446
0.007629
0.008606
0.009583
0.009521
0.008606
0.00824
0.007508
0.009278
0.008239
0.008484
0.008362
0.008605
0.007874
0.008301
0.008361
0.00708
0.007874
0.007324
0.007874
0.007995
0.007385
0.006958
0.007873
0.008545
0.008972
0.008118
0.008301
0.009339
0.008484
0.008301
0.00769
0.0083
0.007446
0.008423
0.007995
0.007263
0.007629
0.007812
0.009826
0.007507
0.007935
0.007995
0.008789
0.008789
0.008606
0.009033
0.007935
0.008057
0.00885
0.008179
0.009522
0.007324
0.009766
0.010009
0.007324
0.007934
0.008545
0.008239
0.007629
0.0094
0.008545
0.010376
0.013366
0.012329
0.007934
0.008361
0.008973
0.009399
0.008057
0.008545
0.007141
0.00824
0.009033
0.008484
0.00824
0.009277
0.008423
0.007263
0.008118
0.007691
0.008789
0.008911
0.008423
0.008118
0.009338
0.008606
0.008362
0.00824
0.008239
0.008484
0.011596
0.007324
0.008178
0.007996
0.008728
0.007324
0.007568
0.008911
0.00824
0.008483
0.008789
0.00824
0.008789
0.007447
0.007813
0.008728
0.00824
0.007874
0.008483
0.007325
0.008667
0.007508
0.008179
0.007446
0.008728
0.009277
0.007324
0.011352
0.008057
0.011291
0.008362
0.007813
0.008361
0.008484
0.008789
0.009033
0.008667
0.00885
0.00885
0.009339
0.009826
0.0083
0.008423
0.008423
0.009033
0.007752
0.008179
0.007019
0.008423
0.007568
0.008301
0.00885
0.008423
0.010009
0.006897
0.008362
0.009216
0.010437
0.008545
0.008057
0.008362
0.008728
0.0083
0.008484
0.008667
0.008789
0.00885
0.00824
0.007874
0.008422
0.010376
0.0094
0.007508
0.008667
0.009155
0.007935
0.007263
0.009094
0.008362
0.006592
0.008972
0.009217
0.008972
0.008484
0.009644
0.008239
0.009644
0.010376
0.007264
0.00824
0.007751
0.008972
0.00824
0.008118
0.007385
0.009095
0.007202
0.009888
0.008301
0.009705
0.008972
0.00769
0.008728
0.00946
0.008972
0.007446
0.008667
0.007568
0.007812
0.008362
0.009521
0.00824
0.00763
0.009521
0.007873
0.00769
0.007141
0.010437
0.008056
0.008545
0.009705
0.010131
0.007873
0.008606
0.008606
0.00708
0.009155
0.008118
0.009582
0.007874
0.007203
0.008483
0.007324
0.008239
0.008484
0.008423
0.009339
0.007934
0.00769
0.00885
0.009094
0.009705
0.008362
0.008239
0.00708
0.007629
0.007629
0.009705
0.009277
0.008606
0.006775
0.007751
0.009278
0.007569
0.008911
0.008423
0.008361
0.007385
0.007629
0.007324
0.008484
0.008361
0.008423
0.009338
0.009216
0.008606
0.00885
0.007325
0.00885
0.009033
0.008118
0.00885
0.009156
0.008728
0.008605
0.009522
0.008667
0.011047
0.009705
0.008362
0.008606
0.007629
0.008301
0.008484
0.00769
0.008851
0.007507
0.008667
0.007507
0.009582
0.009217
0.008117
0.007934
0.008545
0.008911
0.007874
0.007751
0.009277
0.007935
0.008972
0.009277
0.009705
0.007812
0.008911
0.007752
0.006775
0.010376
0.011963
0.008911
0.007568
0.009216
0.007508
0.009339
0.00653
0.009705
0.008179
0.008362
0.008972
0.008789
0.008117
0.008728
0.010498
0.007507
0.009278
0.008056
0.008117
0.00885
0.008851
0.008728
0.008544
0.007507
0.007629
0.008667
0.007935
0.007873
0.008545
0.009155
0.01062
0.008179
0.008484
0.00763
0.007935
0.007691
0.00946
0.007446
0.007629
0.007691
0.009766
0.008605
0.008728
0.009217
0.007752
0.007691
0.007935
0.007996
0.009094
0.008545
0.008728
0.009582
0.008179
0.007995
0.00708
0.00763
0.008667
0.008422
0.009156
0.009643
0.008545
0.009155
0.009338
0.009156
0.008178
0.007873
0.008056
0.007446
0.008606
0.008057
0.00769
0.007752
0.008239
0.00824
0.008545
0.00769
0.007019
0.008056
0.006958
0.007569
0.008239
0.008118
0.007812
0.009033
0.0094
0.008667
0.008667
0.008483
0.00824
0.009217
0.007019
0.007019
0.009522
0.007691
0.008667
0.008056
0.007751
0.008301
0.008912
0.008056
0.008667
0.00769
0.007568
0.009033
0.007019
0.00708
0.008057
0.007996
0.007813
0.009277
0.009766
0.007568
0.008118
0.007934
0.008239
0.008667
0.008789
0.009461
0.010864
0.01294
0.008361
0.008972
0.009522
0.007935
0.007996
0.010009
0.008362
0.007934
0.007874
0.007203
0.008056
0.008606
0.008911
0.00647
0.007873
0.008483
0.008362
0.007385
0.008789
0.008545
0.009399
0.007568
0.008179
0.008057
0.009339
0.007873
0.008728
0.009094
0.009155
0.008728
0.00824
0.007081
0.009461
0.008483
0.008362
0.010132
0.008606
0.008422
0.007569
0.006958
0.008789
0.010071
0.006897
0.009338
0.008545
0.008362
0.007385
0.009095
0.009583
0.008728
0.006897
0.007629
0.008362
0.007812
0.008301
0.007873
0.008911
0.008972
0.008789
0.008301
0.009888
0.007141
0.010254
0.007812
0.007934
0.008423
0.007324
0.007995
0.008972
0.008606
0.007324
0.007386
0.009033
0.008118
0.007995
0.008484
0.009094
0.007508
0.008057
0.007386
0.00885
0.008362
0.007813
0.009399
0.008118
0.007569
0.007568
0.008606
0.008851
0.008361
0.007996
0.009155
0.011047
0.00824
0.008118
0.008667
0.008789
0.007324
0.008056
0.008484
0.008423
0.008057
0.007812
0.010193
0.009095
0.01062
0.008911
0.007202
0.00769
0.007568
0.00769
0.007568
0.010804
0.008789
0.008789
0.008117
0.007385
0.008422
0.008912
0.008789
0.008667
0.009094
0.009705
0.008057
0.007507
0.008912
0.007691
0.008789
0.008972
0.00824
0.007996
0.007752
0.007629
0.008789
0.008301
0.008117
0.007385
0.009949
0.009338
0.009644
0.007507
0.00885
0.00946
0.008118
0.008667
0.008789
0.008483
0.007446
0.009522
0.009094
0.008911
0.008361
0.012146
0.009216
0.008057
0.008605
0.008667
0.007385
0.007446
0.008483
0.009705
0.00885
0.009643
0.007812
0.00824
0.007934
0.007812
0.006958
0.009216
0.008545
0.008362
0.008301
0.008057
0.00885
0.009827
0.008117
0.008118
0.009461
0.008362
0.007934
0.007141
0.010559
0.007629
0.007629
0.009094
0.008423
0.008301
0.008789
0.008239
0.008606
0.00824
0.008911
0.008667
0.008667
0.008362
0.009338
0.008179
0.008606
0.007751
0.00769
0.008728
0.00885
0.009216
0.009582
0.007202
0.008605
0.007629
0.0094
0.008728
0.007873
0.008972
0.01117
0.008056
0.007873
0.00769
0.008728
0.007264
0.007813
0.009582
0.008118
0.010376
0.008423
0.006897
0.008056
0.007873
0.007873
0.008057
0.008789
0.007934
0.008423
0.008178
0.008301
0.007935
0.007812
0.009827
0.008911
0.008056
0.008667
0.008912
0.008789
0.007935
0.011475
0.008484
0.007813
0.00763
0.007752
0.008484
0.00708
0.007934
0.009827
0.008056
0.007629
0.006469
0.007385
0.008423
0.009277
0.008606
0.008545
0.008117
0.008057
0.008422
0.007385
0.007751
0.008789
0.007935
0.007996
0.009033
0.009094
0.009399
0.007751
0.009277
0.009705
0.00885
0.008423
0.008667
0.008484
0.008362
0.008911
0.008423
0.008423
0.009338
0.008545
0.007996
0.008728
0.007202
0.008117
0.007507
0.008301
0.008484
0.008972
0.008545
0.008057
0.008423
0.008728
0.008544
0.008484
0.008423
0.007507
0.007751
0.008178
0.010132
0.009704
0.008118
0.008545
0.007019
0.008361
0.008728
0.007813
0.007873
0.008911
0.008301
0.007629
0.008423
0.008545
0.00763
0.008667
0.008484
0.008972
0.008056
0.008057
0.008484
0.00885
0.007019
0.008545
0.00763
0.008789
0.007813
0.008362
0.008972
0.008606
0.00885
0.008911
0.008362
0.00708
0.0083
0.009339
0.009095
0.006409
0.007202
0.007629
0.008178
0.008423
0.008179
0.008911
0.008301
0.008911
0.008361
0.006836
0.007934
0.0083
0.009644
0.007081
0.006958
0.007202
0.007568
0.008118
0.007019
0.007751
0.007324
0.007935
0.006897
0.008545
0.009888
0.008728
0.008728
0.008728
0.0083
0.00824
0.008728
0.008545
0.006775
0.008362
0.008362
0.008423
0.008179
0.009827
0.008057
0.008423
0.010254
0.008056
0.008606
0.00769
0.007629
0.007751
