0
6.1e-05
0.001465
0.001282
0.003113
0.002015
0.001464
0.001404
0.001465
0.001708
0.00061
0.000366
0.001404
0.00055
0.000915
0.001465
0.000671
0.000426
0.000489
-6.2e-05
0.000488
-0.00122
-0.002625
-0.002503
-0.000122
0.002503
0.000427
-1e-06
0.002564
0.000794
-0.000244
0.000305
-0.000671
-0.000305
0.000549
-0.00061
-0.000732
0.001831
0.000976
-0.001038
0.000853
0.000305
-0.001159
-6.1e-05
0.000243
0.000427
-0.00061
-0.001159
-0.000549
0.000244
-0.00177
0.000366
-0.001342
0.001097
-0.000732
-6.1e-05
-0.000366
0.001771
0.001403
0.001649
-0.000917
0.000183
0.000305
-0.00116
0.000854
-0.000365
-0.000855
0.001403
0.002076
-0.001037
-0.001038
-0.000977
-0.00116
0.001831
-0.001525
-0.001831
0.000244
-0.000304
-0.000305
0.002868
6.2e-05
0.000428
0.002502
0.000306
0.000122
0.000793
0.000733
0.001465
-0.001649
0.001038
0.000182
0.000976
0.001283
0.001464
-0.000305
0.001343
0.000305
0.000611
-0.000671
-0.001953
-0.001832
-0.000366
-0.000549
0.001953
0.000977
0.000916
0.000183
0.002075
-0.000305
0.000855
0.002015
0
0.000549
-0.00183
-0.000122
0.000306
-0.000305
0.005005
0.006226
0.001404
-0.000489
-0.004639
-0.006408
-0.002747
-0.000244
-0.000915
-0.00055
0.000672
-0.000183
0.001099
-0.004273
-0.000121
-0.000244
0.001953
-0.001526
-0.001159
-0.000916
-0.000977
0.002624
0.000489
-0.001221
-0.001403
-0.000427
0.000793
0.000489
0.001465
0.000549
0.000732
-0.001099
-0.000733
-0.000489
0.000367
0.001465
0.000489
0.000244
0.001587
-0.000732
-0.000122
-0.001587
-0.001404
0.001404
-0.000488
-0.000366
-0.000366
0.002868
-0.000977
-0.00122
-0.001403
-0.000123
0.000733
0.000915
0.000611
-0.000245
0.000916
-6.1e-05
-0.000672
-0.001098
-0.000732
6.1e-05
-0.00061
-0.000854
0.000549
-0.000793
-0.000427
0.000976
0.000427
-0.002197
0.002503
-0.000184
0.000489
0.000793
-0.001099
-0.001953
0.001038
0.002381
0.000366
-0.000244
0.001281
0.001709
-0.000183
-0.000427
0.000915
-6.1e-05
0.000183
-0.00122
-0.000732
0.001404
0.003967
0.002015
-0.001526
0.001709
0.000122
0.001099
0.002686
0.000244
0.002624
-0.001098
-0.002868
0.000244
0.000977
0.000306
0.000183
0.001342
0.00116
0.001344
0.001098
0.002075
-0.000122
0.001769
-0.001038
0.000122
0.000549
6.1e-05
-0.000366
0.00177
0.000305
-0.000427
-0.00061
-0.001282
0.000184
0.002015
-0.001832
-0.000549
6.2e-05
-0.001893
-0.000976
0.000183
-0.000305
0.000916
-0.00061
0.001892
0.001526
0.000182
0.000306
0.001465
0.000427
-0.000366
0.000611
0.001342
-0.000549
-0.001588
0.000855
0.002014
0.001527
0.000794
0.002013
-0.001953
0.002564
0.00122
-0.002563
-0.000488
-0.001709
0.002197
-0.000244
0.000915
0.000732
0.001282
-0.001404
0.000671
0.001038
6.1e-05
0.002259
-0.000245
0.001647
-0.000976
0.000182
-0.000244
-0.000123
-0.00055
0.001343
-0.000183
0.002075
-0.000367
0.000367
-0.000489
0.002258
0.000244
-0.001953
-0.000183
0.000915
-0.000366
-0.000305
0.000672
-0.000671
-1e-06
0.001038
-0.000305
-0.002075
0.000122
-0.000854
6.1e-05
0.002074
0.001282
0.002381
-0.000184
0.002136
0.001037
0.000489
0.003051
0.003419
0.000854
0.00055
-0.000122
0.00177
0.000733
0.000915
0.000915
0.001038
6.1e-05
0.000732
0.000122
0.001405
0.000427
0.000977
0.000427
0.00232
0.003601
0.003052
0.001832
-0.000244
0.00177
-0.000305
-0.000976
0.002929
0.000244
0.001404
0.001587
-0.000184
-0.001831
-0.004211
0.001342
0.000488
0
-0.000976
0.001221
6.1e-05
-0.000672
-0.003906
-0.001343
6.1e-05
0.001159
-0.000366
-0.001892
0.000305
-0.001098
-0.001099
6.1e-05
-0.000488
-0.000123
0.00348
-0.000916
0.000122
0.000794
-0.002258
0.000855
6.1e-05
-0.000672
-0.000671
-0.00061
-0.000976
-0.00299
0.000243
-0.003173
-0.000366
-0.002931
0
-0.000366
0.001342
0.000916
6.1e-05
0.000427
0.001892
-0.000122
0.00116
0.002624
0.000245
0.000854
0.002014
0.001771
0.000122
0.001709
0.001709
0.001099
0.001098
0.000915
-0.000183
0.001037
0.000427
0.000489
0.001343
0.000305
-0.001281
-6.2e-05
0.000306
0.001221
0.000122
0.000489
0.001404
0.00177
0.001708
0.002808
0.001831
-0.000366
0.000671
0.002625
0.001953
0.000793
0.0011
0.000611
0.000916
0.00122
0.001587
0.001648
0.001038
0.002808
-0.000855
0.001282
0.002258
0.000122
0.000306
-0.000733
0.000976
0.000183
0.000488
0.000488
0.001221
0.001403
0.002137
0.001526
0.000611
-0.000488
0.000306
0.002075
0.00177
-0.00061
0.000489
-0.001037
0.000793
0.000122
-0.000366
0.00061
0.002136
0.001036
6.1e-05
6.1e-05
0.000489
-0.001159
0.000489
0.001708
-0.000306
0.000367
0.000428
0.003113
0.000306
0.000793
0.001342
-0.000549
0.002929
0.000427
-0.000793
0.001403
0.001648
0.000306
-0.000245
0.001709
0.000306
0.001892
0.001526
0.000732
-6.1e-05
0.000916
-0.000366
0.000915
-0.001098
0.000244
0.000244
-0.001831
0.00116
0.002624
-0.001647
-1e-06
6.1e-05
0.000123
6.1e-05
0.001526
0.000489
-0.000733
-0.000426
0.001954
0.000794
0.000915
0.001586
0.000366
-0.000183
0.000854
0.002624
0.000856
0.000977
-0.000733
0.000122
0.000366
0.001952
0.000183
0.002503
0.001831
0.002808
0.005066
0.000244
-0.000428
0.000854
0.000793
0.000244
0.000976
0.002624
-0.000122
6e-05
0.000793
0.001648
0.001526
0.002014
0.00183
-1e-06
0.001464
-0.00055
-0.000122
0.001342
0.001342
0.000427
0.001038
0.002686
0.002075
-0.000183
0.000976
0.001343
-6.1e-05
0.001464
-0.000183
0.001343
-0.000916
0.00177
0.001526
0.001709
0.000915
0.003113
0.001221
0.000549
0.000123
-0.000305
-1e-06
0.00116
0.000366
0.000488
0.001526
0.001709
0.001221
0.000611
0.003173
0.002564
0.000793
-0.003112
0.001586
0.000367
-0.000855
0.000793
-0.000184
0.001832
0.001159
0.00055
0.000427
0.001708
0.000122
0.000183
0.000732
0.001527
-0.000977
0.000856
0.000427
0.000672
-0.000916
-0.000671
0.002442
0.000732
0.002808
-0.000977
-0.000854
0.001099
0.001159
0.000244
-0.000672
0.001282
0.000122
0
0.000306
0.001832
0.001647
0.001343
0.000306
-0.001038
0.000794
0.000854
-0.000794
-0.001709
0.001709
-0.000977
0.001892
0.001465
-0.001038
0.002074
0.003418
0.001159
0.000733
0.00116
-0.000977
-0.001342
0.000428
-0.000489
0.001587
-0.001038
-0.000305
-0.001403
-0.001403
-0.004822
-0.006408
-0.003907
-0.003602
-0.003357
-0.003663
-0.007506
-0.002624
-0.006592
-0.005127
-0.006104
-0.007141
-0.004089
-0.002564
-0.003173
-0.005615
-0.005799
-0.001586
-0.002258
0.000915
0.000915
-0.000123
-0.002136
0.000672
-0.00238
-0.001464
-0.000793
0.001343
0.00061
-0.00116
0.000611
-0.00061
0.000183
0.00116
-0.000244
-0.001221
0.000244
-0.000428
0.000733
0.001281
0.000854
0.000184
-0.001465
-0.002197
-0.003051
-0.002625
-0.000915
-0.004517
-0.001893
-0.003296
-0.000671
-0.003784
-0.003174
-0.002686
-0.000489
-0.001648
-0.001892
-0.002075
-1e-06
-0.001097
-0.003784
0.000121
-0.000244
-0.003052
-0.001526
-0.002075
0.003295
-0.006714
-0.000366
-0.001587
-6e-05
-0.000976
-0.002625
-0.002442
-0.002807
-0.001649
-0.002624
-0.009643
-0.00232
0.000306
-0.000548
-0.002808
-0.002258
-0.000184
-0.001282
-0.00116
0.000306
-0.000367
-0.000488
0.000367
-0.000611
-0.000672
-0.002747
0.002563
-0.002198
-0.002624
-0.003724
-0.002441
1e-06
-0.001465
-0.002808
-0.001161
-0.000609
-0.000977
-0.000365
-0.001282
-0.002014
-0.000732
-0.002503
-0.002686
-0.000244
-0.003112
-0.001586
0.000427
0
-0.001159
0.001221
-0.000977
-0.001282
0.000365
-0.001769
0.000976
0.000306
-0.000671
-0.000549
-0.001465
-0.001586
-0.001587
0.001342
0.001526
0.000549
0.000611
-0.00122
-0.000305
-0.000183
0.000122
-0.001526
-0.000793
-0.001953
-0.001893
-0.002013
-0.001221
0.000794
-0.001343
0.000121
0.000305
0.001405
-0.002075
-0.000489
0.000245
-0.001588
-0.000183
-0.000122
-0.000794
-0.000366
-0.002258
0.001037
0.001039
-0.001587
-0.001038
-0.000366
-0.002075
-0.000487
-0.000916
0.000794
0.000549
-0.001221
0.002259
0.000488
-0.001099
-0.00055
-0.00177
0.00067
0.000123
0.001159
0.000794
0.000305
-0.003358
-0.000366
0.000488
0.000611
0.001159
0.000488
0.000184
-0.001404
-0.000855
0.000306
-0.001159
-0.000672
-0.000794
0.000855
-0.000794
-0.000122
0.001099
-0.000916
0.001405
-0.000123
-0.002015
-0.001709
0.000794
-0.000734
0.000916
6.1e-05
-6.1e-05
-0.000244
-0.000427
0.001037
-0.00061
0.001038
-0.002686
-0.00116
-0.001831
-0.000794
-0.001037
0.001526
-0.000732
-0.000305
0.00061
-0.001525
0.000794
0.000183
1e-06
0.000305
-0.002076
0.000122
-0.000183
0.003236
-0.00055
-0.001281
-0.000854
-1e-06
0.000854
-0.000183
0.001038
0.000488
-0.002563
-0.002686
-0.001159
-0.000244
-0.00055
-0.000976
-0.00116
-0.000855
-0.000976
0.001098
-0.00061
6.1e-05
0.000733
0.000366
-0.000549
-0.000243
-0.001282
0.002503
-0.000367
-0.000427
0.000794
0.000549
0.001342
-0.001099
6.1e-05
0.000671
-0.000183
0
0.005005
0.00946
0.002075
-0.001525
-6.2e-05
-0.000549
0.003723
0.002197
0.00061
-0.000304
-0.000427
-0.000855
0.000183
0.002075
0.000183
-0.000122
-0.00177
-0.000488
-0.001037
0.002197
-0.000916
0.001221
0.001342
0.000489
-0.000489
0.001771
0.000855
0.003418
0.001465
0.002014
0.002441
0.000672
6.2e-05
6.1e-05
-0.000428
0.004212
0.001648
0.001954
0.002869
0.000244
0.002991
0.001159
0.002197
0.001954
0.001588
0.002808
-0.003724
6.1e-05
0.001648
0.000915
0.002076
0.001342
0.002747
-0.000611
0.002381
0.001648
0.000305
0.002685
-0.000183
0.001464
-0.001649
0.000733
0.003783
0.001099
0.000366
0.00055
0.001954
-0.000733
0.001281
0.003356
0.00409
0.000427
0.000976
0.000794
0.000732
-0.001159
-0.000244
0.001587
0.00116
-0.001038
-0.002563
-0.005859
-0.001647
0.000244
6.1e-05
-0.000184
0.001953
0.001098
6.2e-05
-0.000122
0.004151
0.006165
-0.000121
0.001037
0.002015
0.000182
