29
38
47
28
35
32
41
29
27
58
27
28
29
45
39
38
29
0
31
28
29
28
31
30
43
27
33
28
35
41
34
27
28
37
15
31
28
28
31
31
27
27
31
28
34
31
28
32
28
37
34
0
28
31
36
30
30
28
31
32
27
28
90
26
42
27
28
27
28
27
28
27
28
30
28
29
27
35
29
30
31
26
27
28
41
28
27
27
33
28
28
27
27
28
27
30
28
27
30
29
30
27
28
25
31
29
28
32
27
31
69
29
28
28
28
27
29
17
31
28
34
27
28
28
28
32
31
36
29
28
28
27
30
28
28
27
27
43
30
28
26
49
32
28
28
32
30
29
28
30
27
29
41
31
14
32
34
33
28
28
28
29
37
32
26
32
42
28
28
28
28
42
35
30
31
30
28
28
31
28
38
27
28
302
28
30
27
27
33
27
28
44
42
31
31
45
27
31
28
28
26
28
35
34
30
33
27
28
27
44
27
29
26
28
49
27
28
26
28
29
30
29
33
28
36
28
14
28
32
28
28
30
28
28
28
35
45
34
29
36
30
36
30
29
29
36
15
28
29
37
43
28
31
29
45
28
33
37
33
28
29
28
28
28
28
28
31
30
30
28
26
58
27
29
27
32
29
27
27
31
32
28
35
27
28
28
27
39
33
34
28
28
28
34
36
33
29
27
28
26
28
30
34
28
28
28
29
28
28
28
28
30
28
26
30
30
36
28
32
30
28
27
30
28
28
28
28
27
49
28
27
28
28
26
29
35
45
28
34
25
27
43
28
39
27
13
34
27
35
28
34
28
30
31
31
27
26
28
30
28
33
30
29
31
31
27
27
35
26
27
38
27
27
28
28
34
32
29
35
27
26
28
30
36
28
27
46
27
27
27
31
28
28
28
42
28
31
28
27
34
32
27
28
28
27
28
28
28
30
30
28
29
29
33
27
27
27
28
28
27
27
33
33
27
27
29
31
27
29
35
30
44
14
27
28
28
27
48
28
27
28
28
42
28
28
28
28
29
28
35
33
27
33
31
30
44
33
29
34
42
28
28
38
27
36
27
24
30
0
29
28
29
28
32
33
26
45
29
45
27
27
28
34
27
27
32
28
31
27
28
27
45
35
27
28
30
31
28
27
43
32
32
30
36
38
28
34
30
31
50
31
29
28
26
32
32
30
27
33
33
27
33
0
35
30
28
29
28
29
35
26
41
28
30
28
27
28
28
28
28
28
42
353
26
36
32
47
27
30
31
36
47
39
30
32
28
32
33
28
27
28
27
27
32
26
27
28
34
27
31
30
0
38
29
28
33
27
28
28
33
29
33
29
35
29
34
28
31
27
33
35
27
30
27
28
28
28
30
33
37
27
28
27
30
28
27
32
27
28
33
27
30
27
29
43
41
28
30
30
38
44
27
33
31
28
25
28
27
44
59
28
28
28
27
28
35
30
28
26
29
33
28
28
27
31
50
33
36
27
27
37
27
27
27
27
27
31
28
27
26
30
27
32
44
28
36
30
28
27
28
33
28
27
31
46
27
27
27
33
28
41
25
28
0
28
42
26
27
27
42
13
30
30
30
27
28
28
28
32
31
27
33
29
26
26
26
32
30
27
27
27
28
30
30
34
28
28
29
26
28
27
27
27
27
38
36
34
27
27
27
28
33
28
29
30
27
27
28
27
51
31
27
28
28
28
34
28
33
27
27
34
28
30
27
32
34
30
27
27
33
29
30
28
27
31
34
28
14
41
27
31
28
27
31
48
32
30
32
33
30
27
27
27
34
27
26
49
30
23
28
27
27
28
29
29
14
14
28
28
32
79
28
27
15
28
27
108
31
29
27
27
23
27
31
34
30
27
28
29
27
30
35
34
30
28
27
29
44
42
28
28
28
30
30
30
30
28
28
30
28
0
27
31
28
27
27
42
27
31
27
28
30
27
31
31
29
30
28
27
28
28
28
29
28
35
33
33
25
27
28
28
40
33
34
30
28
27
27
27
27
34
29
47
30
71
27
32
27
23
27
27
27
31
27
28
27
28
14
34
32
30
29
22
27
27
28
30
26
27
27
27
32
28
39
27
28
46
36
0
36
28
27
27
28
28
28
27
30
37
30
34
34
28
34
26
28
26
27
29
27
27
30
27
28
27
33
33
27
29
29
28
35
28
27
28
28
33
28
28
13
33
25
27
27
27
32
33
31
28
28
28
27
49
28
33
38
15
29
31
40
26
28
29
27
27
30
35
28
33
28
28
27
29
29
28
29
22
30
31
27
