0.000183
0.000122
0.001282
0.002075
0.002075
-0.000305
0.000916
-0.000671
-0.000916
-0.002136
0.000977
0.000244
0.000488
0.000183
0.000671
-0.000244
0.001953
0.000184
-0.001709
0.001404
0.001464
0.001343
0.005677
0.006898
0.002136
-1e-06
-0.000793
-0.000121
-0.002014
0.000488
-0.000427
0.000366
0.000976
0.000488
0.000488
0.003051
-0.000184
0.000732
-0.000366
0.001099
0.000489
0.002686
0.00122
0.000427
0.001283
0.000915
0.001221
-0.000306
0.002013
0.000123
0.001343
0.001037
0.001708
0.001771
0.001281
0.002075
0.001831
0.001281
0.002258
0.001464
0.002381
0.001526
0.001098
0.000122
-0.000915
-0.000367
0.001099
0.001039
-0.000611
0.001159
0.000488
0.000306
0.001099
-0.000122
0.001953
0.001465
0.000366
0.001403
0.000672
0.000489
0
-0.000123
0.000855
0.001037
0.001709
-0.000305
6.2e-05
0.000609
0.000428
-6.1e-05
0.001038
0.000854
0.000182
0.000611
-6.1e-05
-0.001405
0.001709
0.000305
-0.000305
0.000305
0.000916
0.001587
0.00238
0.000427
-0.000488
-0.001953
-0.001343
-6e-05
0.001282
-0.001587
-6.1e-05
-0.000428
-0.000916
0.000366
-0.000794
0.001464
0.000671
0.000366
0.000122
1e-06
0.000245
0.002685
0.007201
0.002868
0.000183
-0.001099
0.000671
0.000427
-0.000427
-0.002197
-0.003235
-0.001954
6.1e-05
0.002136
-0.00116
-0.000366
-0.000488
0.000428
0.000733
0.000792
0.002625
0.001892
0.000915
0.000488
6.1e-05
0.000366
-0.000122
0.000671
-0.000183
0.000671
0.001466
0.000732
-0.000244
0.000122
-0.001709
-0.001099
-0.00116
0.000794
0.001465
6.1e-05
0.000977
0.00061
0.00061
-0.000488
-0.000794
-0.000915
0.000549
0.000305
0.000794
6.1e-05
-0.000671
-0.00055
0.000244
0.000489
-0.006897
-0.013061
-0.011109
-0.013123
-0.015746
-0.011292
-0.01349
-0.013733
-0.01593
-0.013489
-0.013427
-0.012207
-0.00293
-6.1e-05
-0.002502
-0.000916
-0.001587
-0.000549
-0.001282
-0.001344
-0.001832
-0.000366
-0.001465
-0.000671
0.000611
0.000977
0.001648
-0.00055
-0.000793
0.000427
0.000976
0.000793
-0.001771
-0.000244
0.000183
0.000488
-0.001586
0.001464
0.000183
0.00177
0.002381
-0.000794
0.003113
0.002807
0.00055
0.001099
0.002075
0.000489
-0.000732
-0.000549
-6.2e-05
-0.000183
-0.001282
0.001892
-0.000793
0.00055
0.000245
0.001282
0.00061
0.001343
0.000916
0.00116
0.001893
-0.001037
0.001343
0.005126
0.00116
0.001099
0.000732
-0.000611
0.002747
0.001037
0.000549
-0.000183
0.001098
-0.000245
0.001343
-0.002015
-0.000914
0.002197
0.000366
-0.000244
0.001039
0.000549
-0.000366
0.000793
-0.001342
-0.005798
-0.004272
6.1e-05
-0.000488
0.000976
0.001404
-0.001344
-0.000183
0.003052
0.001281
0.001343
-0.000366
0.000732
-0.001037
0
0.001282
0.001098
-0.000367
-0.000549
0.000244
-0.000428
6.1e-05
-0.001464
0.000732
0.00116
0.00061
0.000489
0.00055
-0.003235
0.001343
0.000306
0
-0.000916
0.002808
-0.000183
-0.000183
0.002502
0.000611
0.000305
0.001099
-0.000122
0.000365
0.001281
-0.000244
-0.001527
0.001098
0.001588
0.000853
0
0.001709
-0.000366
0.001099
-0.000672
-6e-05
0.000611
-0.002746
0.000976
-0.002868
-0.000489
0.001404
0.000122
0
-0.001404
-0.000488
0.000305
0.000611
-0.000427
-0.000916
-0.00122
0.000306
-0.000733
0.000671
-0.000122
0.002441
0.000121
0.000793
-0.001221
0.000244
0.000488
-0.000549
0.000488
-0.000122
0.002381
0.000854
-0.001282
-0.001892
-0.000427
0.002624
0.004761
-0.000671
0.000367
6.1e-05
0.001647
-0.000122
0.000671
0.002869
0.00592
0.001649
-0.001709
-0.000916
0.002746
0.002014
-6.1e-05
0.00299
0.002625
0.000366
0.000793
0.003113
0.000427
0.001098
0.000549
0.000122
0.000488
0.001587
-0.000611
0.000122
0.002257
0.001159
0.001221
0.000549
0.001343
0.005065
0.002747
0.002258
0.001587
-0.001099
-6.1e-05
-0.000855
-0.000549
0.000672
-0.000305
-0.000427
0
0.000611
0.000671
-0.000305
-0.000427
-0.00055
-0.000427
-0.000305
0.000854
-0.000244
0.000794
0.000794
0.001038
-0.00238
0.000489
-0.000672
-0.002381
-0.00122
0.002136
0.000977
0.000793
0.000976
-0.001037
-0.000428
-0.001037
0.000365
0.000732
-0.000304
0.00116
0.000672
0
-0.000611
-0.001221
0.000306
0.000366
-0.000611
-6.1e-05
-0.001343
-0.000367
0.000306
0.001526
-0.000488
0.002381
-0.00116
-0.001647
0.000244
0.002136
0.001954
-0.001038
0.001159
-0.001647
0.000488
0.000733
0.000794
0.000305
0.000122
0.000488
-0.000304
-6.2e-05
-0.001037
-0.001037
6.1e-05
-0.001526
0.001769
-0.000732
-0.000915
0.000976
-6.1e-05
-0.001282
-0.001586
0.000306
-0.001038
-0.000733
-0.001953
-0.00116
-0.000183
0.000794
0.000549
-0.001221
-0.000733
0.00116
-6.2e-05
0.000367
-6.1e-05
-0.00061
-0.000732
0.000304
-0.00067
0.000916
0.000488
0.000733
0.000305
0
-0.000732
0.000671
-0.001037
0.000122
-0.00055
0.00116
-0.001281
0.001952
0.002441
-0.001465
-0.000794
-0.001099
0.001405
0.000427
0.002319
-0.000428
0.001526
-0.000916
-0.000122
0.001342
0.000367
-0.000306
-0.001037
-0.000428
-0.001892
0.000489
-0.00055
0.00055
6.2e-05
-0.000793
-0.000185
-0.000671
0.000306
0.001587
0.000855
-0.001037
0.000854
0.002381
0.000244
6.1e-05
-0.002808
0.000366
0.000611
0.000122
0.000427
0.001037
-0.001769
1e-06
0.001526
0.001404
-0.002686
-0.000548
-0.000427
-0.00177
0.000122
0.000488
0.000183
0
-0.00061
-0.001159
-0.000854
-0.001953
0.00061
0.001709
0.000977
0.003539
-0.001159
-0.001525
-0.001954
-0.00067
0.000366
-0.002014
0.000306
-0.000611
-0.000793
0.000184
0.000672
-0.000366
-0.000672
0
0.000366
0.00122
0.001039
-0.000184
-0.000916
0.001221
0.001221
-0.000366
0.001465
0.000365
0.000123
-6.2e-05
0.001588
0.002502
6.1e-05
6.1e-05
0.000855
1e-06
0.000916
-0.000978
0.001282
0.001709
-0.001587
0.000122
-0.000122
0
0.001832
-0.000245
0.001037
6.1e-05
-6.1e-05
0.00061
0.001832
0
0.000976
0.001343
0.000671
0.001953
0.001403
-0.001159
-0.001465
0.000977
0.002441
-0.000793
0.000184
0.001342
-0.000122
-0.00171
-0.002685
-0.005189
0.000733
0.001038
-0.000489
0.000793
0.001159
-0.00061
-0.000855
0.002015
0.000976
0.00183
0.001344
-0.000915
6.1e-05
0.002564
0.001648
-0.000793
0.001282
0.002563
0.000366
0.001038
-0.000366
0.002686
0.001526
0.002013
0.002013
0.005555
0.007263
0.003724
0.003785
0.004089
0.006287
0.010252
0.003478
0.008241
0.006164
0.005188
0.009277
0.006287
0.007812
0.005737
0.006897
0.005615
0.00415
0.000794
0.000855
0.001038
0.001588
0.000854
-0.001466
0.002869
0.00238
0.002991
0.000915
0.000611
0.001892
0.000794
0.00061
0.00116
-0.001038
0.000976
0.000549
0.001343
-0.000854
0.002503
0.000489
0.000916
0.00299
0.002442
0.00116
0.002136
0.004822
0.002318
0.001099
0.002258
0.003053
0.001098
0.001953
0.004455
0.001709
0.002624
0.000854
0.00177
0.002868
6.2e-05
0.002013
0.004699
0.001649
0.001892
0.002257
0.001038
0.002197
0.000855
0.001099
0.002197
0.002441
0.001159
0.002136
0.00293
0.002748
0.002563
0.000611
0.003173
0.007996
0.001282
0.000304
-0.000611
0.002808
0.003662
0.002625
0.002198
0.002747
0.001892
-0.001404
0.001403
0.000183
0.001649
0.002686
0.001344
0.001281
0.000794
0.003173
0.001893
0.001464
0.000915
0.003296
0.00122
0.003479
0.001159
0.001038
0.001891
0.002624
0.002624
0.002503
0.001587
0.003357
0.000733
0.003418
-0.000489
-0.000122
-0.001282
0.001709
0.000671
0.000916
0.001953
0.000733
0.001525
0.000123
0.001282
-0.000367
-0.000427
0.000672
0.001465
-0.002258
-0.001098
0.000366
0.000794
-0.000183
0.002441
0.002259
0.001343
-0.000366
0.00055
-0.000366
0.001831
0.002381
0.001709
0.002442
0.003906
0.000367
-0.000854
0.000427
0.001281
0.002685
0.000733
-0.000672
0.002992
0.000793
-0.000428
0.001099
0.00177
0.002197
-0.000793
0.000793
0.002076
-0.000305
0.000671
0.002136
0.000671
0.0011
0.001037
0.000488
0.000183
6.1e-05
0.000427
0.001037
1e-06
0.000915
-0.00122
0.003784
0.000855
-0.000244
0
0.002076
-0.000793
0.001526
-0.000305
0.000672
-0.000733
0.000549
0.002137
0.00055
-0.003785
0.001831
0.000306
0.002259
-0.000244
0.001769
0.000976
-0.001586
0.000793
-0.002625
-0.000183
0.002259
0.001587
0.001465
0.001344
0.001281
0.001221
0.000977
0.003113
0.001587
0.000122
0.00122
0.000611
0.000915
0.000428
0.000733
0.00061
6e-05
-0.000977
0.001403
-0.001831
-0.000244
0.001342
0.000671
0.001464
0.000671
0.00116
0.001832
-0.002198
0.000794
0.001526
0.003419
0.001526
0.000793
-0.000182
-0.000671
0.000244
0.000672
0.001098
0.002686
0.002137
0.002136
-0.000244
0.000183
0.000488
0.00116
-0.000183
-0.000183
0.001893
-0.000427
-0.00116
0
0.00061
0.000671
0.000549
0.001465
0.000244
0.000794
-0.000489
-0.000855
0.000428
0.000976
-0.000183
0.002564
0.000794
0.001221
0.00061
0.001159
0.000306
0.000305
0.003417
0.000489
0.000854
-0.000365
-0.001526
-6.1e-05
0.002136
0.001038
0.000184
-0.00116
-0.001342
0.00061
0
0.005554
0.001832
0.000183
-0.000183
0.001527
0.000122
0.000183
0.001221
0.001343
-0.001343
0.000548
-0.002075
-0.000244
-0.000916
-6e-05
0.000426
0.000671
-6.1e-05
0.002625
-0.00177
0.000304
-0.001404
-0.000733
0.000122
-0.000244
0.000122
0.000428
-0.000794
-0.000306
0.001221
0.004823
0.000793
-0.000733
0.001099
0.000183
0.001282
-0.00061
-0.000305
0.000549
-0.000367
0.000183
-0.000793
0.00116
0.001038
0.001649
-0.000732
-0.002502
0.001402
0.001099
0.00061
-6.1e-05
0.001648
0.001282
0.00055
-0.000122
0.001159
0.00232
-0.000489
-0.000488
0.000183
-0.000305
-0.00061
1e-06
0.001587
0.003723
0.006836
0.00238
-0.000794
0.000366
0.001282
-0.000672
-0.001953
0.000548
0
-0.002686
-0.000793
0.000366
0.00055
0.000488
0.001649
