0.000184
0
-0.000611
-0.000977
-0.000854
0.002564
0.001891
0.001527
0.001769
0.002503
0.001587
0.000976
0.000915
0.001221
0.001709
0.002259
0.000732
0.000916
0.000854
0.000549
0.001404
0.001527
0.000671
0.001221
0.001159
0.001526
0.002258
0.002198
0.002319
0.003234
0.003175
0.004271
0.004701
0.007202
0.007141
0.006286
0.006226
0.006592
0.006226
0.007567
0.009095
0.007873
0.006592
0.007629
0.007386
0.006043
0.006286
0.007264
0.006896
0.006531
0.006409
0.009217
0.005371
0.003601
0.003418
0.003724
0.003723
0.002991
0.003295
0.004517
0.002685
0.003662
0.003296
0.003968
0.002808
0.002685
0.003419
0.007446
0.004211
0.003662
0.004028
0.002747
0.001221
0.001465
0.00293
0.003173
0.003297
0.004089
0.003235
0.003175
0.003113
0.002808
0.002502
0.001953
0.002624
0.005127
0.00415
0.003113
0.002869
0.004029
0.00409
0.004394
0.004944
0.001037
0.002565
0.006103
0.00409
0.004211
0.003905
0.002869
0.002441
0.001282
0.000915
0.000306
0.001343
0.003601
0.000488
0.001587
0.002197
0.001648
0.000122
-0.000305
0.000183
0.000122
0
0.000244
-0.000182
0.001281
0.000488
-0.000244
0.000122
0.001404
0.000366
-0.000183
-0.000122
0.000244
6.1e-05
0.000367
-0.000366
0.000732
-0.000305
0.000123
0.000244
0.000245
0.000365
-0.000671
0.000488
0.000793
0.000183
-0.000245
0.000428
-6.1e-05
0.000306
-0.000244
0
-6.1e-05
0.000488
-0.000915
0.000426
6.2e-05
-0.00055
0.000123
0.000548
-0.000916
-0.000182
0.000426
6.2e-05
0.000671
-0.000549
-0.000183
0.000672
-0.000427
-0.00055
6.1e-05
0.000549
0.000244
1e-06
-0.000245
-0.000305
-0.000366
-6.1e-05
0.000122
0.000183
-0.000244
0.000244
0.000244
0.000123
-0.000427
0.000122
-6.1e-05
-0.000183
0.000183
0.000488
0.000611
-1e-06
0.000122
0.000915
-0.000183
0.000672
0.003296
0.003174
0.001403
-0.000183
0.000121
0.000672
-0.000488
0.001769
0.000672
0.005737
0.004944
0.007263
0.002564
0.001587
0.002442
0.001952
0.002381
0.000915
0.000672
0.002563
0.003174
0.002381
0.001281
0.000794
0.001038
0.000121
0.000916
0.001221
0.000793
0.000489
0.001099
0.002808
0.004638
0.004028
0.002625
0.00354
0.002014
0.003051
0.000427
0.003113
0.002929
0.000733
0.001037
-0.000122
0.000977
0
0
6.1e-05
0.000732
-0.000304
-0.000245
0.000977
0.000976
0.000916
-0.000245
0.000306
0.000244
0.000182
0.000488
0.000122
-0.00061
-0.000184
-6.1e-05
1e-06
-0.000794
-0.00055
-0.000121
0.000366
-0.000488
-6.1e-05
-1e-06
0.000672
0.000122
-0.000488
-0.000672
-0.000548
0.000122
-0.000488
-6.1e-05
-0.000122
-6.2e-05
-0.000304
0.000305
-0.000854
-0.000305
0
-0.00061
-0.000123
-0.000793
-6.1e-05
0.000306
-6.1e-05
6.2e-05
6e-05
0.000367
6.1e-05
0.000365
1e-06
-0.000122
-0.000427
-0.000245
-0.000426
6e-05
0.000672
0.000854
0.000183
0.000306
0.00061
0
-0.000305
0.000121
0.000122
0.001464
0.002992
0.000671
0.000549
-0.000122
0.000976
0.000305
0.000244
-0.000549
0.000305
6.1e-05
0.000244
-0.000244
-0.000244
1e-06
-0.000244
-1e-06
0.000123
0.000427
-0.000184
0.000733
0.000365
-0.000122
-0.00061
0.000122
-0.000122
0.000183
0.000183
-6.1e-05
-0.000183
-0.000122
-6.1e-05
-0.000366
-6.1e-05
0.001282
0.000549
0.001404
0.002197
0.000672
0.001281
0.001281
0.003052
0.003539
0.005189
0.00299
0.002014
0.001404
-6.1e-05
-6.1e-05
0.000793
0.000366
0.000122
-0.000244
0.000245
0.001098
0.003662
0.001771
0.002197
0.003173
0.001038
0.000122
-0.000121
-0.000367
-0.000365
0.000365
0.000184
0
-0.000549
-0.000916
0.000977
0.000732
0.00232
-1e-06
1e-06
-0.000245
-6.1e-05
-0.000793
6.1e-05
-1e-06
-0.000121
-0.000977
-0.000427
-0.000305
-0.000733
0.000123
-0.000245
-0.000244
-0.000306
6.2e-05
-1e-06
-0.000305
0.000671
0.001771
6e-05
0.001526
0.002747
0.001403
0.000306
0.001281
0.003235
0.003478
0.00293
0.000304
0.001343
0.001405
0.003539
0.000306
0.002136
0.001709
0.002259
0.000305
0.000123
-0.000123
0.00055
0.000121
-0.000182
-0.000184
1e-06
-6.2e-05
0.000916
0.00177
0.000366
-0.000244
-0.000121
0
-0.000611
0.000549
-6.1e-05
-0.001099
0.000306
-0.000122
-6.2e-05
0.000611
0.000244
-6.1e-05
0
0.000427
0.000183
-0.000305
0.000183
-6.1e-05
-0.000122
-6.1e-05
0.000183
-0.000183
-0.000183
0.000244
-0.000305
-0.000733
-0.000854
0
-0.000305
-6.2e-05
1e-06
0.000305
-6.1e-05
0.000427
0.00055
-1e-06
1e-06
6.2e-05
-0.000244
-0.000489
-0.000305
0.000366
-6e-05
0.000488
-0.000304
-6.2e-05
0.000122
-0.000183
-0.000733
-0.000122
-0.000183
0.000182
0.000306
6e-05
-0.000305
-0.000367
-0.000244
6e-05
-0.000488
0.000122
-6.1e-05
6.2e-05
-0.000245
0.000367
6e-05
0.000123
0.000183
0.000305
-6.1e-05
0.000854
0.000489
-6.1e-05
-0.000122
-0.000367
-0.000305
1e-06
0.000183
-0.000793
-6.1e-05
-0.000306
0.000306
-0.000915
6.1e-05
6.2e-05
-6.2e-05
0.000306
0.000672
0.000305
0.000428
-0.000245
-0.000793
0.000122
-0.000306
-0.000184
-0.000182
0.000244
6.1e-05
-0.000244
-0.000245
6.1e-05
6.1e-05
-0.000182
-6.1e-05
-0.000306
-0.000243
-0.000306
0.000245
0.000182
1e-06
0.000122
0.000121
0.000794
-6.1e-05
-0.000183
-0.000183
-0.000306
1e-06
6e-05
0.000611
-0.001343
-0.002015
-0.000122
0.000794
-0.000245
1e-06
-0.00055
0.000305
6.2e-05
-0.000184
-0.000121
0.000121
-0.000976
-0.000183
-0.000793
-1e-06
-0.000183
-6.1e-05
0.000367
-0.000123
-6e-05
0.001464
0.004944
0.000428
-0.000367
0.000122
0.000732
-0.000121
0
0.000243
1e-06
0.000122
0.000305
-0.000367
-0.000488
0.000122
0
0.000672
-0.000488
6.1e-05
0.000182
-0.000366
0.000121
-0.000244
0.000121
-0.000304
-0.000367
-0.000244
0.000123
6.1e-05
-0.000243
-1e-06
0.000794
-0.000184
0.000367
-0.000184
0.000733
-0.000183
6.1e-05
-0.000123
0.000123
-0.000184
-0.000487
0.000793
-0.000427
-6.1e-05
0.000244
0.000183
-0.000366
6.1e-05
1e-06
-0.00055
-0.000121
-1e-06
-0.001342
-1e-06
6.2e-05
-0.000367
-0.000183
0.000487
1e-06
6.1e-05
-0.000306
0.004639
0.003906
0.003479
0.002319
0.003968
0.003601
0.003174
0.000184
0.001464
0.000122
0.000611
0.000244
0.000671
0.000365
-0.000121
-0.000306
0.001892
0.001647
0.002746
0.000306
0.003479
0.001159
-6.1e-05
1e-06
0.000427
-0.000122
0.001831
-0.000366
-0.000855
0.000367
0
6.1e-05
0.001648
0.001952
-0.000305
0.000428
0.000488
-0.000977
-0.001037
-6.1e-05
-0.000733
-0.000732
-0.000183
0.000244
0.000183
0.000244
0
0.00055
-0.001038
-0.000184
0.000183
0.000794
6e-05
-0.000611
0.000122
-0.000123
0.000122
-0.000243
-0.000367
-0.001282
-0.000671
-0.000305
-0.000245
-0.000366
-0.000977
1e-06
0.000244
-0.000366
-0.000244
0.000243
-0.000182
-0.000854
0.000243
0.00055
6.1e-05
-0.000244
-0.000244
0.00055
0
6.1e-05
-6.1e-05
0.000366
0.000611
-6.2e-05
-0.000183
0.000427
-0.000304
-1e-06
0.000305
0.000306
-0.000245
0.000549
0.000611
0.000305
-6.2e-05
-0.000366
0.000183
-0.000427
-0.000549
0.000244
0.000671
0.000427
-0.000122
0.000366
0.000122
0.000671
0.000244
0.000366
-6.2e-05
0.000366
-0.000914
0.000244
-0.000122
-0.000549
-0.00055
0.000611
0.000122
-0.000123
-0.000426
0.000121
-0.000365
-0.000367
-0.000183
0.000183
-0.000305
-0.000184
-0.00061
0.000427
-0.000243
6e-05
0
0.000183
-0.000305
-0.000122
6.1e-05
-0.000244
-0.000366
6.1e-05
0.000489
-0.000305
0.000121
-0.000488
-0.001588
-0.001587
0.000122
-0.001769
-0.000123
0.000977
0.000244
0.000183
-0.000366
0.000122
-0.000183
0.000183
-0.000122
6.2e-05
-0.000245
0.000366
-0.000427
-6.1e-05
-0.00061
-6.2e-05
-0.000121
-0.000184
0
0.000733
-0.000121
0.000183
-0.000184
0.000428
6.1e-05
6.1e-05
0.000123
-0.000183
-6.1e-05
-0.000183
0.000122
-0.000122
-0.000183
-6.2e-05
0.000367
0.000488
0.000182
-0.000244
-0.000244
0.000366
-0.000122
6.1e-05
6.1e-05
0.000366
-0.000488
0.000672
0.000366
-0.000306
6.2e-05
-0.000672
-6.1e-05
-6.1e-05
-0.000244
0.000366
6.1e-05
0
-0.000183
-0.000123
-6e-05
-0.000306
-0.000427
-6.1e-05
0.000672
0.004089
0.002624
0.005371
0.002258
0.000793
0.000306
0.000183
0.000305
0
0.000122
-6.1e-05
0.000244
6.1e-05
0.001892
-0.000305
-0.000244
-6.1e-05
0.000915
-0.000122
0.000977
0.000183
0
0.000184
-0.000428
0.000671
0.00055
-6.1e-05
-0.000306
0.000488
0.000183
0.000244
-0.000488
0.000305
-0.000304
0.000182
0.000977
-6e-05
0.000305
-0.000367
-0.000428
0.000244
-0.000183
0.001831
0.002869
0.000732
0.000427
-0.000123
0.000672
0.000427
0.000366
-0.000427
-0.000123
0
-0.000671
-0.000427
0.000732
-0.000244
-0.000245
0.000733
0.000305
-0.000488
-0.000244
0.001282
-0.000244
0.000243
6.2e-05
0.000488
0
-6.1e-05
6.1e-05
-0.000244
-6.1e-05
0.000183
-0.000183
0.000427
-0.000549
0
0.000855
0.000611
0.000182
-0.000548
6e-05
-0.000182
-0.000428
-0.001343
6.2e-05
-0.000183
0.000245
-0.000306
-6.1e-05
0.000244
-0.000732
-0.000305
0.000305
-0.000671
0.000305
0.000122
0.000122
-0.000549
-6.2e-05
0.000489
0.000977
0.000121
-0.000366
0.000366
-0.000122
-6e-05
-0.001099
-0.000183
1e-06
-0.000184
0
0.000183
-0.000122
-0.000245
0.000122
6.1e-05
-0.000122
0
-6.1e-05
-0.000366
-0.000183
-0.000123
0.000184
-0.000549
0.000306
0.000244
-0.000366
-0.000855
6.2e-05
-1e-06
-6.1e-05
0.000245
0.000182
-0.000183
-0.000548
-0.000306
0.000305
0.000366
-0.000122
0.000123
-6.2e-05
-0.000549
-0.000427
0.000121
0.000122
-0.000123
0.000244
0.000306
0.000122
-0.00061
6.1e-05
-0.000305
-0.000427
0.000305
0
0.000488
0.000611
-0.000184
0.000489
0.000121
0.000123
-0.000733
0.000367
0.000183
