47
32
31
32
32
32
31
36
33
32
35
34
33
38
34
34
34
33
32
16
31
38
39
33
31
40
32
52
37
31
30
31
38
32
34
35
34
33
50
37
33
36
53
30
31
36
31
32
32
34
32
38
31
21
35
31
31
31
31
36
35
34
36
33
34
33
36
36
40
55
31
33
31
37
32
46
31
32
32
31
31
33
35
47
34
38
46
32
32
31
33
31
37
34
32
31
31
31
32
32
35
32
36
36
31
33
31
34
47
31
32
31
33
32
33
40
32
31
88
33
30
32
31
32
32
40
32
61
35
55
35
0
32
36
34
72
27
32
27
31
27
29
27
28
31
25
30
29
27
28
31
27
26
27
36
27
47
26
29
30
30
27
27
28
29
36
27
27
28
28
32
28
34
36
48
34
27
37
30
27
29
27
29
14
27
27
40
27
26
33
30
31
36
31
31
31
30
32
36
33
31
32
33
32
35
37
38
31
31
31
53
32
31
31
32
42
29
33
17
27
29
32
26
30
28
26
34
29
33
27
29
28
28
41
28
29
32
29
34
30
36
32
27
27
41
28
28
26
28
27
27
26
41
34
14
27
28
28
27
32
35
40
29
27
29
25
27
26
27
35
30
26
31
28
27
13
14
32
30
28
27
27
27
13
40
27
29
30
33
30
35
27
31
33
28
31
27
30
28
27
31
49
28
30
28
27
31
32
26
27
27
27
27
29
35
26
44
47
35
27
42
28
27
22
35
45
27
27
32
27
41
28
27
31
30
30
27
28
26
28
33
28
29
35
27
29
28
33
18
27
30
26
28
30
38
30
34
27
47
30
48
30
19
35
28
26
41
28
34
27
26
29
26
26
15
28
29
44
35
27
35
29
32
28
41
30
28
27
29
27
28
27
15
27
31
27
27
42
42
32
38
30
29
28
27
28
27
27
29
28
27
33
30
20
87
25
28
27
27
34
27
28
34
27
20
27
28
44
35
37
32
31
32
30
27
44
27
27
27
28
30
29
27
29
27
29
28
28
28
31
28
28
27
30
34
34
27
28
28
32
27
34
27
33
33
27
28
27
27
33
29
31
28
28
34
35
37
29
28
28
28
27
40
41
27
27
28
26
14
28
31
27
27
28
28
30
30
34
26
28
27
34
29
29
26
28
27
35
45
29
27
32
27
28
28
26
46
34
28
28
32
28
34
30
30
35
27
27
33
28
32
31
31
42
30
28
27
27
27
27
30
27
45
29
27
27
27
27
33
28
27
31
57
28
28
28
14
28
27
27
27
28
27
31
33
32
27
27
27
35
49
46
34
29
32
25
27
29
27
27
28
27
27
27
54
28
33
30
41
29
34
30
35
27
28
27
27
27
28
27
27
26
27
35
27
29
27
26
13
27
28
26
28
29
30
27
30
30
30
26
27
27
40
27
34
27
29
32
23
27
28
45
27
27
28
34
33
29
29
27
29
27
27
28
33
28
27
26
27
35
29
27
27
27
27
39
34
27
28
35
27
29
27
31
30
32
28
27
45
0
27
30
34
28
42
28
27
29
31
28
34
28
25
26
33
27
28
27
30
27
32
32
40
27
27
30
28
31
33
35
28
32
14
28
28
28
32
30
27
28
28
30
30
29
28
34
27
26
27
35
28
27
28
32
29
27
27
13
26
80
32
30
33
27
28
32
27
33
27
27
27
26
32
27
26
35
27
42
27
43
27
26
27
27
27
27
27
28
30
37
27
29
28
28
30
32
31
27
31
31
28
32
28
28
27
27
34
29
30
30
31
33
28
32
43
33
30
30
28
29
28
28
34
29
27
30
30
27
43
27
28
28
28
34
27
30
48
30
29
45
28
28
28
28
27
32
40
28
30
26
28
27
38
33
28
38
32
30
33
29
28
28
40
28
31
34
30
27
31
28
30
40
29
32
32
27
41
27
28
42
27
36
30
30
44
27
28
28
28
35
28
27
26
34
28
32
27
31
26
31
27
29
26
29
29
27
29
28
26
40
29
33
14
26
29
27
27
27
32
27
33
26
27
27
30
28
27
27
27
30
30
31
32
27
27
31
27
27
34
32
27
28
32
27
27
27
28
31
27
33
35
46
40
27
0
48
28
28
35
28
28
28
33
34
29
27
29
26
34
27
27
28
44
27
28
27
28
31
30
30
27
28
53
27
27
30
30
34
26
34
33
46
27
31
31
31
27
29
38
29
28
31
27
28
29
32
27
0
42
31
27
28
13
28
27
28
43
27
26
26
31
27
28
42
35
30
28
31
42
29
