31
46
40
37
40
36
31
38
33
40
40
30
33
30
36
39
32
38
31
37
34
40
31
32
31
30
41
40
30
32
31
31
35
30
29
34
31
50
39
32
31
31
36
35
46
30
29
31
0
37
38
51
39
15
31
31
41
47
0
44
34
37
52
0
51
39
40
30
273
31
31
39
35
343
34
30
0
31
37
31
30
31
30
40
31
31
31
32
32
33
31
40
31
52
38
30
31
31
40
31
31
29
31
39
40
33
31
33
33
32
31
29
32
27
31
31
35
33
32
31
36
39
31
33
30
30
16
29
31
31
32
31
38
29
34
36
41
44
30
32
31
35
31
32
31
31
21
42
27
26
26
30
26
30
27
47
45
27
42
36
35
33
29
28
28
27
28
27
27
27
27
27
27
37
27
27
0
28
45
25
45
342
27
26
27
38
13
26
26
26
35
40
27
26
40
28
29
27
30
29
33
27
37
34
27
27
28
36
27
26
28
26
28
26
33
40
32
27
37
27
28
34
34
27
28
33
28
27
32
28
30
28
35
26
35
27
37
44
27
32
35
36
30
26
27
31
27
38
31
26
27
35
26
26
27
26
30
27
36
34
27
32
31
34
25
41
27
35
28
41
25
26
28
18
28
27
31
30
31
42
25
28
34
29
30
29
27
21
26
27
32
27
34
36
33
26
30
36
45
29
28
34
30
34
27
25
26
27
36
27
27
47
26
27
27
26
27
27
26
26
27
26
27
27
27
26
35
25
31
27
37
37
26
29
29
33
27
35
26
29
31
30
36
27
44
27
34
41
0
42
41
26
27
0
27
32
45
33
28
33
32
33
27
26
43
30
29
27
27
28
29
27
48
28
33
40
27
27
26
28
34
30
28
32
34
39
34
28
44
28
30
27
46
26
28
39
27
27
26
37
29
42
26
25
29
29
32
31
36
0
29
16
52
33
28
29
26
36
27
28
29
26
40
48
46
28
26
33
28
37
29
29
27
27
29
32
27
37
27
29
44
39
27
27
36
33
30
27
27
20
29
44
26
27
22
33
24
28
37
29
30
26
29
27
40
31
27
31
26
22
43
27
27
31
29
32
33
27
20
41
26
26
27
28
37
31
27
32
32
27
13
27
29
28
28
27
26
28
27
27
32
34
27
29
26
33
27
26
31
35
26
27
27
32
26
27
26
27
40
34
36
27
35
37
27
27
26
35
32
32
169
27
32
27
31
29
30
32
27
26
32
30
34
28
29
31
34
35
30
27
26
26
27
32
27
25
27
28
27
27
33
27
31
26
33
36
25
27
32
33
27
27
28
28
37
26
32
29
29
27
28
14
27
37
30
27
29
28
37
27
27
27
27
27
26
27
26
28
27
27
40
31
26
27
28
27
26
26
27
148
263
29
26
30
26
26
27
34
26
27
42
26
32
34
28
28
30
32
33
27
27
27
26
37
26
30
27
33
41
28
28
36
32
24
32
29
27
27
27
29
34
26
0
27
30
30
27
27
30
38
31
32
27
48
38
30
27
28
27
31
27
29
28
32
31
38
27
27
29
36
31
30
27
47
26
27
26
27
46
29
28
27
27
32
36
35
27
27
27
28
13
27
29
30
44
31
27
28
41
28
26
37
42
26
34
31
28
37
27
28
26
27
26
26
34
31
30
36
35
45
37
27
26
27
43
25
28
32
27
38
27
25
31
28
43
26
26
26
35
31
30
28
25
26
29
36
33
29
31
38
33
27
68
26
0
29
26
29
28
0
19
14
32
26
46
27
30
28
29
0
27
26
27
26
42
53
26
28
32
34
27
42
34
27
36
31
35
28
34
27
35
46
26
31
36
36
26
27
26
0
50
30
27
31
30
32
13
30
35
26
27
27
30
26
37
26
30
27
27
26
27
26
35
43
35
32
27
27
29
33
25
33
26
27
27
27
26
26
33
33
29
28
27
32
27
48
29
31
37
36
33
27
25
27
27
32
27
32
30
29
27
27
27
30
27
26
44
26
31
30
27
28
26
28
25
29
17
44
27
27
31
33
27
36
29
27
27
28
27
34
27
26
39
21
26
28
28
28
27
26
31
13
43
26
27
31
27
30
27
27
31
32
29
31
27
29
33
27
27
27
27
26
26
28
39
27
30
28
26
27
31
27
27
35
28
31
27
27
35
27
36
31
38
34
0
28
27
28
27
1021
29
27
37
21
33
33
32
30
37
42
30
0
38
26
51
26
37
35
37
35
27
34
26
43
29
32
26
14
29
32
30
28
35
27
28
27
28
30
28
27
