0.000305
-0.001771
-0.001464
0.001708
0.002198
0.000976
0.000977
-0.002136
0.000183
0.001282
0.0036
0.005738
0.004516
0.002441
-0.000427
-0.003174
-0.002868
-0.000855
0.007935
0.006714
0.005615
0.006409
0.006165
0.004943
0.007507
0.013245
0.006348
0.009338
0.005554
0.004516
0.005189
0.005432
0.005676
0.001769
0.002441
-0.001526
0.001526
-0.001892
0.000244
0.001282
-0.002807
0.002197
0.005738
0.00647
0.007385
0.003418
0.001343
0.000671
-0.000183
0.000977
0.00055
-0.000795
-0.005797
0.000122
-0.007142
-0.01123
-0.004211
-0.002564
-0.004028
-0.005127
0.004882
0.003112
-0.001159
0.006592
0.00763
0.007751
0.00238
0.001282
0.003113
0.003967
0.00238
-0.00293
-0.003478
0.000426
0.000305
-0.002441
0.001648
0.001404
-0.000732
-1e-06
-0.005126
-0.002015
0.00055
-0.005432
-0.005005
-0.006897
-0.002868
-0.004517
-0.005494
0.000488
0.003906
0.001709
0.005737
0.008544
0.003296
-0.001405
-0.002685
0.006837
0.004454
0.001648
0.002624
0.002624
0.006165
0
0.00476
0.00232
0.001099
0.000611
0.001342
-0.002868
-0.005798
-0.001648
0.003723
-0.003966
0.004577
0.004395
0.003356
0.00299
0.009461
0.00885
0.005371
0.011597
0.013732
0.012696
0.008118
0.006469
0.007019
0.008301
0.004944
0.005494
0.010193
0.007569
0.009277
0.010315
0.009216
0.008301
0.008483
0.009095
0.006959
0.011168
0.008606
0.006103
-0.003174
-0.000487
0.00299
0.000122
0.000122
0.0047
0.007263
0.007751
0.009765
0.009461
0.011718
0.009705
0.008179
0.010254
0.007934
0.010315
0.005859
0.001832
0.001464
0.00348
-0.000428
-0.000366
0.00055
0.001769
0.002259
0.004211
-0.006775
0.000733
0.002807
-0.010742
-0.005737
-0.012207
-0.002502
-0.008911
-0.006104
0.001648
-0.00171
0.003907
-6.1e-05
0.00238
0.003967
0.005616
0.003906
0.00232
0.002807
-0.00183
0.000732
0.000793
-0.000915
-0.002259
-0.003907
-0.000976
-0.001343
-6.2e-05
-0.000122
-0.002442
0.000549
-0.004578
-0.011779
-0.006349
-0.008727
-0.008851
-0.009521
-0.007324
-0.005676
0.000976
0.001647
0.003418
0.00525
0.003051
-0.000611
6.1e-05
0.001587
-0.000733
0.000489
0.003174
0.000854
0.000489
-0.00116
-0.000977
-0.005981
0.000671
-0.000733
-0.005432
-0.001404
-0.005982
-0.007751
-0.007629
-0.006225
-0.006225
-6.2e-05
-0.004272
-6.1e-05
0.006469
0.005493
0.003175
0.001648
0.001038
0.000244
0.001282
-0.000672
0.003967
0.004761
0.001465
0.000244
-0.000366
-0.00348
-0.002379
0.003235
-0.000917
-0.002624
-0.008545
-0.002442
-0.003905
-0.008729
-0.007689
-0.005067
-0.004272
-0.003601
-0.005982
0.000549
0.00708
0.006348
0.002319
0.002869
0.00116
0.001952
-0.002319
-0.002014
-0.000671
0.002258
-0.00061
-0.000367
-0.003295
0.001038
0
6.1e-05
0.004273
0.000976
-0.005616
-0.001037
-0.001587
-0.008851
-0.01184
-0.007995
-0.006287
-0.007325
-0.000915
-0.004761
-0.003173
0.003722
0.010498
0.007874
0.007446
0.005554
0.002014
0.00055
-0.000854
0.000793
-0.000122
0.000183
-0.001221
-0.000793
-0.001647
0.000671
0.002258
-0.000305
-0.001952
0.003845
-0.000977
-0.012757
0.000428
0.003112
0.000367
-0.003174
0.00061
0.006165
0.008545
0.005615
0.004761
0.009338
0.006348
0.012573
0.006409
0.006957
0.00879
0.003844
0.009033
0.006287
0.011841
0.011536
0.007141
0.003235
0.009825
0.003602
0.005676
0.007385
0.008606
-0.002198
0.001039
0.003966
0.002075
1e-06
-0.000976
-0.001831
0.000794
0.002563
0.001892
0.008606
0.009765
0.009705
0.00531
0.010926
0.003296
0.003783
0.003967
0.006958
0.010987
0.005921
0.011841
0.004272
0.005066
0.001708
0.005372
0.002747
0.00537
0.009888
-0.001403
-0.002076
0.000794
0.000122
0.008057
0.002502
0.007386
-0.001831
0.006531
0.003723
0.010132
0.005738
0.003295
0.007813
0.002015
0.001037
0.001404
0.002319
0.001769
0.004639
0.004028
0.002502
0.000733
0.001587
0.001464
0.001404
0.003051
0.000428
-0.00177
-0.00177
0.002014
0.001282
0.002258
0.001893
0.003234
0.004578
0.000122
0.010437
0.006897
0.009766
0.007325
0.005249
-0.001222
0.002686
0.001648
0.000915
0.00238
-0.000122
-0.000609
-0.000183
0.006164
-0.001281
0.001404
0.001891
0.000183
-0.000732
-0.00122
0.002441
-0.000671
0.001038
0.000488
0.00708
0.000916
0.003234
0.006776
0.012634
0.0083
0.005433
0.005065
0.005371
0.002258
0.000427
0.004456
0.002502
0.000305
0.001587
0.00116
-0.001586
0.006591
0.002869
0.007386
0.001769
0.001221
-0.001038
6.2e-05
-0.00476
-0.008911
-0.003113
-0.006164
0.000671
-0.004455
-0.001283
0.008423
0.0047
0.003723
0.002747
0.002625
0.006165
6.1e-05
0.00415
0.002014
0.003052
0.00415
0.003357
0.000855
0.002075
0.000427
0.000977
-6.2e-05
0.001161
0.003296
0.003967
-0.002503
-0.000366
0
0.001464
0.001527
0.001709
0.002746
0.008546
0.006959
0.010253
0.002503
0.008178
0.003479
0.005005
0.004578
0.004944
0.001098
0.002746
0.001648
-0.000305
-0.00061
0.001098
-0.001465
-0.001098
0.003296
0.000855
0.003479
-0.000245
0.004455
-0.000672
0.002015
-0.000489
0.005799
0.002137
0.003966
0.007385
0.009522
0.008546
0.004759
0.006165
0.003358
0.000305
0.003173
0.000123
0.004273
0.006104
0.002014
0.002136
0.002197
0.000365
0.001282
0.001709
0.003174
0.003114
0.001465
0.000976
0.002809
-0.001161
0.003601
0.001404
0.010193
0.001404
-0.000366
0.007752
0.012878
0.009095
0.006043
0.006592
0.004639
0.002502
0.00232
0.003723
0.002625
0.002869
0.003357
0.000976
0.005982
0.002136
0.000244
0.000549
0.003724
-0.000428
0.000977
-0.002381
-6e-05
0.001403
0.000428
-0.002136
0.003174
0.005493
0.003296
0.000305
0.006897
0.007751
0.00824
0.003418
0.00769
0.007691
0.006043
0.007386
0.001465
0.003417
0.003358
0.001159
-0.000671
-0.002441
-0.000183
0.002442
0.006896
0.001771
0.001098
-0.002563
-0.001098
-0.001831
6.1e-05
-0.000855
-0.002197
0.005798
0.000244
0.006043
0.012023
0.005493
-0.000549
0.001953
0.002625
0.000794
-0.000184
-0.001099
0.000794
0.000549
-0.000366
-0.001954
-0.001831
-0.003479
-0.000794
-0.000244
0.000304
-0.000304
-0.001953
0.003357
6.1e-05
0.002014
-0.000732
0.003052
0.005066
0.002135
0.005127
0.003235
-0.000366
-0.001098
-0.002259
-0.001282
0.000305
-6.1e-05
0.000854
0.004761
0.001098
0.000855
-0.002015
0.000611
-0.001465
0.002258
-0.001098
-0.000427
-0.001099
-0.000671
-0.002686
-0.002319
-0.000671
0.000123
0.001953
0.00061
0.001831
0.003967
6.1e-05
0.002319
0.004761
0.002258
0.001221
0.00232
-0.000366
0.002075
-0.000794
0.000489
-0.000855
0.001465
0.001709
0.001037
-0.001404
0.001343
0.000122
0.000793
0.000488
-0.000976
-0.003479
-0.001953
0.000976
0.001099
-0.000977
-0.001281
-0.002563
-0.001038
0.001465
0.006591
0.002137
0.003173
0.00061
-0.002014
-0.000611
0.000367
-0.001464
0.00122
0.000427
-0.000793
-0.001648
-0.000244
-0.002319
0.001098
0.000916
0.000915
-0.000976
6e-05
-0.003173
0.000122
0.00177
-0.000305
-0.001403
-0.000244
0.000855
-0.000427
-0.00055
0.000305
0.002197
0.005189
0.004088
0.001893
-0.000183
-0.000611
-0.000183
-0.000916
-0.001099
-0.002075
-0.000305
-0.001953
-0.001282
0.000671
-0.002257
-0.001588
0.000916
-0.003357
0.003846
-0.001038
0.001587
-0.003052
-0.00177
-0.000854
-0.00116
-0.002014
-0.000916
0.000489
0.001281
-0.00122
0.001831
0.00708
-0.000855
0.001954
-6.2e-05
-0.000671
-0.000793
0.001465
-0.003174
-0.001709
-0.006591
-0.005738
-0.010863
-0.006348
-0.007996
-0.007019
-0.007812
-0.008362
-0.005738
-0.00238
-0.004578
-0.013244
-0.013245
-0.005432
-0.006165
-0.007934
-0.001831
0.001342
-0.00238
-0.001587
0.00055
-0.003662
0.000489
0.000488
0.001709
0.003784
0.004943
0.000306
0.003051
-0.00177
0.000855
0.002564
0.000794
-0.00116
-0.004395
-0.00116
-0.006774
-0.012024
-0.011963
-0.012694
-0.009278
-0.005493
-0.005798
-0.006165
-0.007324
-0.004151
-0.006957
-0.006531
-0.000489
-0.007019
-0.005859
-0.00476
-0.000489
-0.001769
-0.001831
-0.004638
-0.009644
-0.001465
0.003845
-0.00055
0.001709
-0.000976
-0.000794
-0.006226
-0.001953
-0.001831
-0.006957
-0.008667
-0.010619
-0.013734
-0.012329
-0.005188
-0.00653
-0.005128
-0.004211
-0.007325
-0.006958
-0.001403
-0.000184
0.000977
-0.001771
0.000855
-0.000794
0.001648
6.2e-05
0.003234
-0.003113
-0.003907
0.000184
0.000793
-0.000732
0.002381
-0.005433
-0.005798
-0.003051
-0.00824
-0.01001
-0.001587
-0.012023
-0.013611
-0.006286
-0.003784
-0.005616
-0.005067
-0.004272
-0.00647
0.00238
0.002442
0.008056
0.002015
0.003662
0.010193
0.003296
-0.002991
0.002258
0.001892
0.001892
-0.001159
-0.001221
0.000366
-0.000917
0.003173
-0.001526
0.003418
-0.007385
-0.008178
-0.010133
-0.008606
-0.013733
-0.009338
-0.003906
-0.01294
-0.004516
-0.008301
-0.003601
0.005555
0.003723
0.003113
-0.00055
0.002076
-0.006043
-0.004151
-0.006408
-0.003968
-0.006653
-0.002136
-0.000733
-0.001892
-0.003113
-0.006286
-0.006592
-0.000121
-0.004151
-0.006897
-0.002379
-0.00586
-0.005371
-0.010986
-0.014465
-0.008362
-0.005188
-0.00061
-0.006592
-0.004395
-0.001097
-0.003236
-0.008545
-0.008178
-0.006287
-0.00592
-0.004395
-0.003052
-0.003356
-0.008606
-0.003418
-0.001831
0.000366
-0.004028
-0.001282
-0.000916
-0.000305
-1e-06
-0.007812
-0.006103
-0.007447
-0.009399
-0.008667
-0.008178
-0.009278
-0.005188
-0.009094
-0.002868
-0.006104
-0.003845
-0.002503
-0.005187
-0.007508
-0.008179
-0.006774
-0.005677
-0.001892
-0.002869
0.010438
0.009094
0.006224
-0.005736
-0.008728
-0.004028
-0.001525
-0.00238
0.000427
-0.004578
-0.00238
-0.00531
-0.00708
-0.004333
-0.011109
-0.009033
-0.009156
-0.003784
-0.004699
6.1e-05
-0.006836
-0.000244
-0.005066
-0.007385
-0.009034
-0.000733
-0.001831
-0.002685
-0.005006
0.000426
-0.000549
-0.002991
0.000672
0.00177
0.00067
0.002197
0.001099
-0.004517
-0.002746
-0.002563
-0.006226
-0.006897
-0.006714
-0.010131
-0.014832
