-0.000183
-0.000244
0.001465
0.000305
0.000855
-0.001343
-0.000549
-6e-05
-0.000976
-0.000427
-0.000366
0.00116
0.000123
0.001647
0.000367
0.000245
0.00055
0.001464
0.000733
0.000549
0.000122
-0.000306
0.000794
-0.000855
-6e-05
-0.000184
0.000367
0.000428
-0.000671
0.00171
0.002502
0.004333
0.004395
0.004882
0.005615
0.006409
0.005066
0.005737
0.007202
0.006164
0.00592
0.005738
0.006531
0.006836
0.005614
0.005371
-0.002014
-0.002746
-0.002258
-0.000732
0.000855
0.000367
-0.00061
-0.00116
-0.000855
-0.001282
-0.000184
0.000122
-0.001527
0.000367
0.001099
0.001344
0.000367
0.000428
0.000733
-0.001587
0.001404
0.001892
0.001159
0.001221
-0.001588
-0.00177
0.00177
-0.00055
0.003357
0.002625
0.00055
0.002258
0.000305
6.2e-05
0.001343
0.001281
0.001282
0.00061
0.000733
0.001221
0.000671
0.000488
-0.000488
0.00238
-0.001526
0.000366
6.1e-05
0
0.00238
-0.000305
0.000428
-0.002137
-0.002197
-1e-06
-0.001464
-0.000611
0.000366
0.000916
-0.000488
-0.00116
-0.000976
-0.001282
-0.001282
-0.000367
-0.001525
0.000671
-0.002808
-0.006103
-0.003723
-0.001282
-0.000183
0.000854
0.000428
0.000671
-0.000854
-0.001465
0.00586
0.003052
0.000305
-0.000184
-0.002197
-0.000793
0.000244
-0.001465
0.000244
0.000244
-0.000306
-0.00177
-0.001221
-0.003662
-0.001037
0.000183
0.002076
-0.000489
0.000244
-0.003296
-0.00183
0.00061
-0.000428
0.000244
-0.00183
-0.002442
0.000672
0.000305
-0.003602
-0.004577
-0.004944
-0.001404
-0.003479
-0.00122
-0.000855
0.000793
-0.000793
-0.001586
-0.001465
-0.001404
0.001587
-0.000977
-0.000244
-6.1e-05
-0.000244
0.00067
-0.003417
-0.000977
-0.000793
-0.000306
-0.001404
-0.000854
-0.003419
-0.001403
-0.00171
-6e-05
-0.002137
-0.002258
-0.002135
-0.002015
-0.005187
0.000976
-0.001282
-0.000793
-0.001831
-0.002197
-0.000123
-0.001159
-0.001343
-6e-05
-6.1e-05
-0.001709
-0.001099
-0.001281
-0.001038
-0.001892
-0.001038
-0.002319
-0.000305
-0.00061
-0.001283
0.004151
-0.002563
0.000121
-0.000609
0.002684
-0.002196
-0.000977
0.000915
0.002076
-0.001404
0.000671
-0.000427
0.00067
-0.000366
-0.001709
0.002686
0.000244
0.003723
-0.000305
-0.001709
0.001526
-0.001647
0.001953
-0.000794
-0.000733
0.000428
0.000854
-0.001159
-0.001099
-0.001221
-0.000121
-0.000306
0.000794
-0.001831
-0.000915
-0.002258
0.000609
0.000428
-0.002869
0.001832
-0.001099
0.001098
-6.1e-05
-0.000671
-0.000611
-0.000793
-0.001709
0.000183
-0.002868
-0.000183
0.003052
0.001648
-0.001587
0.002075
-0.001525
-0.001344
-0.000915
-0.00177
-0.000428
-0.000732
0.001526
0.00061
-0.003113
-0.000975
-0.003968
-0.001526
-0.002015
0.001221
-0.000916
0.000794
-0.000915
0.000122
0.001404
-0.001099
-0.000305
0.000183
-0.000366
-0.00177
-0.000366
-0.000793
0.000122
-0.000916
0.000976
-0.000732
-0.002685
-0.00061
-0.000183
-0.000488
-0.000732
0.000609
-0.000915
0.000427
-0.001159
-0.002564
0.000244
0.000733
-0.000123
-0.000182
-0.001892
-0.000305
-0.000916
-6.1e-05
0.001403
0.001099
0.002807
-0.001464
-0.001465
-1e-06
-0.000671
6.1e-05
-0.001343
-0.000611
-0.001221
-0.00183
-0.000183
-0.001099
0.000672
0.001098
-0.000244
0.000123
-0.000123
-0.000671
-0.001709
-0.00177
-0.000123
0.000795
-0.000367
-0.000916
0.000245
-0.001648
-0.000428
-0.000854
0.000427
0.000733
0.001281
0.00061
0.00061
0.005555
0.003357
0.012328
0.009278
0.011658
0.008484
0.001037
0.000854
0.001098
0.001343
-0.000488
-6.1e-05
0.000976
0.000122
-0.001892
0.000977
-0.001526
-0.001342
0.000121
-0.001648
0.000367
-0.000489
-0.00061
-0.002136
0.000488
-0.000183
0.000427
-0.00061
0.001892
-0.001342
0.001647
-0.000122
0.000183
0.001892
-0.000183
-0.000243
0.000122
-0.002015
-0.00122
-6.2e-05
-0.000853
-0.000489
0.000366
-0.002442
-0.003235
0.000672
0.000305
-0.000184
1e-06
0.00061
0.000671
-0.002013
-0.000917
-0.000244
-0.001525
-6.2e-05
0.000306
0.000244
-0.001953
-0.000915
-0.001099
-0.001465
-0.000245
-0.000914
-0.000733
-0.000366
0.000488
-0.001343
-0.000366
-0.00061
-0.00238
0.000122
-0.002381
-0.003906
-0.000671
0.000122
-0.001648
-0.001647
0.000426
-0.001587
0.000366
-0.002136
-0.000854
0.000183
-0.000182
-0.001892
0.00061
0.001281
-0.001892
-0.001038
0.000794
0.000488
-0.002075
0.000244
0.000549
-0.000549
-0.00122
0.000121
1e-06
-0.000184
0.000489
-0.000733
-0.004028
-0.001892
-0.001343
0.000244
6.1e-05
-0.00116
0.000549
-0.001648
0
-0.002747
-0.000671
-0.000854
-0.001465
-0.000549
-0.001649
-0.001465
-0.000549
-0.000366
-0.000122
0.000245
0.001708
0.000245
0.000487
-0.001098
-0.001526
0.00171
-0.001649
-6.1e-05
-0.000793
-0.000794
-0.000183
-0.000672
-0.000792
0.000243
-0.002807
-0.000976
-0.000244
-0.001344
-0.000121
-0.000488
-0.001649
-0.000244
-0.000366
0.000427
0.000244
0.000915
-0.000609
0.004943
0.001953
0.000611
0.000305
0.000672
-0.000122
-0.001221
-0.000915
0.000915
6.2e-05
-0.001953
-0.001588
-0.00122
-0.001647
0.00061
0.000672
-0.000793
-0.001404
0.000183
-0.000672
-0.000976
-0.000611
0.000611
-0.002198
0.001099
-0.000122
-0.000428
-0.00232
-0.000183
0.000305
-0.000732
-0.002015
0.001099
-0.001709
-0.000611
0.000977
0.000183
-0.000854
-0.000244
0.000549
-0.004944
1e-06
-0.002136
-0.001282
-0.001038
-0.001953
-6.1e-05
6.1e-05
0.00061
-0.001648
0.001648
-0.001342
0.004578
0.00598
0.000976
-0.000915
0
0.000244
-0.000244
-0.002197
0.00061
-0.00409
-0.006347
-0.007996
-0.000244
0.001038
0.002075
6.2e-05
0.000366
-0.000366
-0.000671
0.000366
-0.001952
-0.001343
-6.2e-05
-0.002441
-0.002136
-0.001403
0.000182
-0.000488
6.1e-05
-0.001465
0
-0.002685
-0.000122
-0.00116
0.001892
0.00055
-0.000672
-0.000366
-0.001282
0.002564
-0.000976
-0.000245
0.001039
-0.00116
0.001891
-0.002259
0
-0.000488
0.002075
0.000183
0.000122
6.2e-05
-0.001038
-0.000428
-0.00067
0.001831
-0.000305
0.00116
-0.001403
-0.000245
-0.00177
-0.001649
0.000123
-0.000854
0.000915
0.002441
0.001037
0.001099
-0.000489
0.001526
0.00116
0.00122
-0.000977
0.000489
0.000976
-0.000611
0.001709
0.000733
0.001954
0.000671
0.001343
0.001099
-0.001343
0.000671
0.001099
-0.000366
0.001832
0.000793
-0.000549
0.000488
0.001343
-0.00061
0.000793
0.000366
6.1e-05
0.00061
0.000428
-0.002686
-0.000366
0.000549
-0.002076
-0.00122
0.001404
-0.000549
0.000304
-0.000609
0.000854
0.00177
6.1e-05
0.000855
0.000916
0.000671
0.00061
0.000733
-0.003663
0.001282
0.000366
-0.000671
0.001098
0.000854
-0.000609
0.000732
-0.000184
-0.000732
0.003906
0.002626
-0.000183
-0.000244
-0.001832
-0.000243
-1e-06
0.00177
0
0.001343
0.00116
-0.000123
-0.000549
0.002564
0.000732
0.000854
0.001404
0.001832
-0.000123
-0.000976
-0.000428
0.001221
0.000733
0.000366
-0.000122
0.001464
-0.00055
0
0.001038
0.003296
-0.00055
0.001343
0.001587
-0.001099
0.000183
0.000366
0.003174
0.001832
-0.001465
0.000488
0.001099
-0.001221
-0.001221
-0.00116
0.001038
0.00061
1e-06
0.001953
-0.000794
-0.00299
0.000426
-0.000914
0.00122
0.000549
-0.003845
-0.001526
0.001099
-0.001038
-0.000427
-0.000855
-0.000915
-0.003479
0.00122
-0.000976
-0.000184
-0.001038
-0.000304
-0.000305
-0.001587
-0.001038
-0.000488
-0.001282
-0.000793
-0.000977
-0.00116
0.002259
0.000305
0.001099
-0.000366
-0.000611
-0.001281
-0.001282
-0.001343
-0.000182
-0.000672
-0.002014
-0.00061
-0.00061
0.000549
-0.000794
-0.00061
-0.00232
0.000366
-0.001525
-0.000794
-0.002441
0.000794
-0.000916
-0.000183
-0.00116
0.000977
-0.001953
-0.001404
0.000733
0.00067
-0.002014
0.00177
0.000732
-0.000915
-0.000977
-0.000915
-0.000304
0.000427
-0.000611
-0.000672
0.001221
-0.001648
-0.000976
0.000549
-0.000305
-0.00177
0.000976
-0.002624
6.1e-05
-0.000427
-0.001099
-0.000549
-0.000672
0.000305
-0.001099
0.001771
-0.000671
-0.000611
-0.001221
0.000611
0.001159
0.000854
0.000855
0.000976
-0.001343
-0.001343
-6e-05
-0.000488
0.001037
-0.000793
-0.001831
0.000427
-0.000977
-0.000549
-0.001526
-0.00061
0.000549
-0.00061
-0.000855
-0.00122
-0.000916
-0.000366
-0.000855
-0.001464
0.00061
-0.001465
-0.001953
-0.001098
-0.000428
-0.001526
-0.000183
-0.001526
0.000122
0.000976
-0.000732
-0.001098
-0.00116
-0.000611
-0.001464
-0.000183
0.000489
-0.001526
0.000426
-0.000366
0.000182
-0.000304
-0.001526
0.000122
-0.00171
-0.000365
-0.000245
-0.001708
0.000305
-0.000671
-0.000183
0.000183
-0.001098
-0.000916
-0.000916
-0.000305
-0.000915
-0.000916
-0.00061
0.000793
0.000611
-0.000549
-0.001587
-0.000671
-0.000244
-0.000428
0.000367
-0.001037
6e-05
-0.000854
0.001159
0.000977
-0.000977
-0.002258
-0.000977
0.000122
-0.001342
0.001403
-0.000548
-0.000428
0.001282
-0.002442
0.000489
0.000854
0.000854
-0.001952
-0.000611
-0.000976
-0.002625
-0.001282
0.003663
0.00183
-0.001587
0.001038
-0.000244
-0.002747
0.001404
-0.001037
0.000854
0.000305
0.004577
0.006226
0.003296
0.001343
0.002258
0.000123
0
-0.001099
-6.2e-05
-0.001648
-0.000182
-0.001953
0.000183
0.001648
0
-0.000122
-6.1e-05
-0.00348
-0.000487
-0.003724
0.001038
6.1e-05
-0.000671
0.000488
-0.001098
-0.00055
0.003052
-0.000244
0.00061
-0.001343
0.004578
0.001038
0.000122
0.000183
0.00061
0.000306
0.001953
-0.002868
-0.001038
0.001831
-0.002015
-0.000549
0.003174
-0.001099
-6e-05
0.000548
-0.002745
0.00055
-0.000855
-0.001892
0.002136
-0.000854
0.001648
-0.000671
-1e-06
0.001099
-0.000854
-6.1e-05
0.001343
-0.000733
-0.001953
-0.001037
-0.001832
-0.0083
-0.00116
0.001099
0.000122
0.000122
0.000183
-0.000305
-0.000366
0.000427
0
-0.000122
0.001403
-0.002991
0.000733
-0.001159
0.00067
-0.002502
0.000915
-0.002319
0.002014
-0.001343
-0.000366
-0.00116
-0.004333
-0.003356
-0.000916
-0.000977
0.00055
-0.00055
0.000245
0.000305
-0.000793
-0.001648
