0.002137
0.001465
-0.008851
-0.009949
-0.011169
-0.009278
-0.00952
-0.00879
-0.008667
-0.008789
-0.008667
-0.007506
-0.008423
-0.007386
-0.007934
-0.008362
-0.008788
-0.007202
-0.007081
-0.006286
-0.006774
-0.00586
-0.009033
-0.009033
-0.004455
-0.006836
-0.004944
-0.004821
-0.006532
-0.004701
-0.004395
-0.004272
-0.003296
-0.00354
-0.002685
-0.003724
-0.002686
-0.005066
-0.003418
-0.002563
-0.002562
-0.002747
0.000976
-0.000549
-0.002258
-0.001586
-0.000794
0
0.000122
6.1e-05
0.002258
-0.000854
0.001464
0
0.002625
-0.000977
-0.000427
0.00061
-0.002563
-0.001282
0.001343
-6.1e-05
0.001649
0.001343
0.001038
0.001464
0
-0.00116
0.00293
0.003601
0.003907
0.001282
0.000244
0.000366
0.001282
0.002807
0.001587
-0.000428
0.001464
-0.002136
-0.000917
0.001404
-0.00061
-0.001282
-0.000488
0.001405
0.00122
0.003968
0.003357
0.000183
-0.001464
-0.000426
-0.000733
0.001221
0.000732
0.004944
0.000366
0.001159
0.001282
0.002198
0.001282
0.001038
-0.001526
-0.002136
0.000426
-0.001282
-0.000244
-0.000672
0.002075
0.001282
0.00177
0.000733
0
0.002441
0.000549
0.000732
0.001038
-0.004822
-0.007323
0.00531
0.000793
0.0047
0.000366
-0.00061
0.000855
0.001221
0.002747
-0.001404
0.001099
-0.000977
0.001893
0.003173
0.000611
-0.002381
0.003662
0.001648
0.002868
0.001831
-0.001037
-0.000427
0.000916
0.001404
0.000122
0.000672
0.000976
0.000549
-6e-05
0.000244
0.001954
0.001587
0.000305
0.000854
-0.001159
-0.001526
-0.000915
6.1e-05
0.002259
-0.000184
0.000305
0.000245
0.000366
6.1e-05
-0.000122
6.1e-05
0
-0.000549
0.000793
0.000549
0.002198
-0.000672
-0.001465
0.001892
0.000977
-0.001282
0.000427
0
-0.000794
0.000183
0.000671
0.001708
0.001343
-0.001708
-0.000855
-0.000976
-0.002136
0.003052
0.001648
-0.004028
0.001343
-0.000244
-0.000488
0.001343
0.002136
-0.000732
-0.001099
-0.000122
0.001526
-0.000549
0.00122
0.001038
-0.000549
-0.000366
0.001343
0.000305
0.001404
-0.002076
0.000549
-0.004333
-0.002381
0.002137
-0.000305
0.000305
-0.000672
-0.00415
-0.002015
0.000184
-0.001404
0.001159
0.001098
0.000671
-0.000184
0.000122
0.000549
-0.000306
0.001525
-0.001525
0.000183
-0.00116
-0.000671
0.002991
0.000489
-0.000793
6.1e-05
0
-0.001343
-0.000794
0.000915
0.001465
0.002686
-0.004579
-0.002991
-0.000243
-0.00122
0.000915
-0.000304
0.001281
-0.000427
-6.2e-05
-0.000611
0.001648
-0.001404
-0.000304
-0.000366
-0.001588
0.000977
0.000122
-0.000917
-0.000427
-0.002563
-0.000183
0.003541
0.00061
-0.003235
0.000365
0.000367
-0.002746
0.000244
-0.00122
-0.000366
0.00061
-0.001587
0.00055
-0.001587
-0.001526
-0.001465
0.003296
-0.002259
0.000184
0.001343
-0.000489
-0.000671
-0.001221
0.001343
-0.000854
-0.000244
-6e-05
-0.000671
0.001038
0.000122
-0.002014
-0.000305
-0.00293
0.001526
0.001953
0.000123
-0.003784
-0.000915
-0.000306
0.001282
-0.000609
-0.000611
0.000182
0.003357
0.001037
0.001283
0.001282
-0.000245
0.001404
0.000184
0.000305
0.00061
-0.000731
-0.002075
-0.000428
-0.001282
-0.000671
0.000366
-0.001526
-0.002746
-0.00232
-0.001832
-0.000488
-0.000732
-0.000488
0.000305
-0.001281
-0.000916
-0.001588
0.002869
-0.00061
-0.000305
-0.000428
-0.00061
-0.001343
-0.002502
-0.001831
-0.001098
-0.002014
0.000976
-0.000672
-0.001649
-6.1e-05
0.002076
-0.004029
-0.001831
6.1e-05
-0.002197
0.000916
0.000977
0.000304
-0.000488
-0.000244
-0.001526
-0.000732
0.001769
-0.001586
-0.002076
-0.001404
-0.001037
0.001403
-0.001586
-0.000366
0.001098
-0.000427
-0.001099
0.001587
-0.001343
6.1e-05
0.000367
-0.003602
-0.000793
0
-0.000184
0.002258
-0.006042
0.000672
-0.001526
0.000306
-0.000366
0.001342
0.00531
-0.001769
-0.001221
-0.001649
0.000856
-0.000122
0.000427
-0.001648
0.000244
-0.000488
-0.001038
-0.001771
0.000916
-0.001343
-0.001404
-0.001588
-0.000122
-0.002441
-0.002625
-0.000549
-0.001161
-0.001953
-0.002075
-0.000549
6.1e-05
0.001953
0.000915
-6e-05
-0.000367
0.000549
0.001038
0.000306
-0.000366
-0.000305
-0.000732
0.000427
0.000976
-0.000122
-0.000182
-0.001159
-0.001465
-0.000367
0.000977
0.000488
-0.002868
-0.000977
0.000306
-0.000672
-0.000244
-0.001404
-0.000915
-0.000732
0.000976
-0.001893
-0.001709
0.001221
0.000793
-0.00055
-0.001892
-0.001466
-6.1e-05
-0.001404
0.001648
0.00177
0.000122
-0.001709
0.000428
-0.001098
-0.000976
-0.001892
-0.000306
0.001037
-0.001709
-0.00055
0.000977
0.00061
0.000671
-0.00122
0.001709
0.000305
-0.001708
-6.2e-05
0.00232
0.000794
0.00061
0.000244
0.001586
0.000549
-0.001281
-0.002807
0.001281
0.001404
-0.001831
-0.000733
-0.000977
-0.000488
0.001586
-0.001342
-0.000305
0.000732
0.001404
-0.000427
-6.2e-05
-0.000854
-0.001282
0.002441
-0.001037
-0.003052
0.000732
-0.000244
-0.000977
-0.000123
0.001404
0.000427
-0.001892
-0.001221
0.00055
0.000915
-0.000977
0.000549
-0.000488
0.000367
-0.000306
-0.000427
-0.00171
0.000183
-0.000122
0.00238
-0.000306
0.000549
0.001954
0.000855
-0.000366
0.000366
-0.000244
-0.001221
-0.001954
0.000671
0.001465
0.000977
0.001282
0.000367
-0.000428
-0.002686
-0.002319
-0.002685
-0.004577
0.00061
-0.000427
0.001831
-0.002136
0
6.1e-05
-0.001343
-0.001037
-0.000427
0.003785
0
-0.000672
0.000122
-0.000244
0.001039
-0.000854
0.00116
0.000122
0.000488
0.000733
0.000428
-0.000244
-0.00415
-0.000854
-0.002258
-6.1e-05
-0.00116
0.003846
-0.000794
-0.000244
-0.001526
-0.000245
-0.000916
0.000915
0.000183
0.001588
-0.001954
-0.000671
0.000915
0.001343
-0.000122
-6.1e-05
-0.000855
-0.000305
-0.001892
-0.002076
0.001404
0.000793
0.000122
-0.003112
-0.000916
0.000427
0.000732
-0.002197
0.000365
0.000245
-0.001281
-0.000488
-0.00116
-0.000243
-1e-06
0.002441
-0.001282
0.001038
-0.000549
0.00061
-0.000611
-0.000794
-0.000245
0.001282
0.000427
0.000793
0.002075
-0.000793
-0.000732
-0.003174
-0.00122
0.001708
0.000732
0.00116
-0.002198
-0.000915
0.000549
0.000367
-0.001526
-6.2e-05
0.000488
-0.000366
0
-0.000855
-0.000794
0.000183
-0.000122
-0.000365
0.001831
-0.000794
-0.000549
-0.002197
-0.002441
-0.000305
-0.001465
-0.003051
-0.001221
-0.000671
-0.000183
-0.000488
-0.000427
-0.001038
-0.000488
0.000244
-0.000427
-0.000428
0.000366
0.00122
0.000733
-0.000184
0.001221
-0.001464
0.00055
-0.002075
-0.001771
-0.001099
-0.002014
0.000245
-0.001586
-0.002075
-0.001098
-0.003723
-0.001526
-0.000611
-0.001159
-0.001832
0.000977
-0.000916
-0.002808
-0.001099
0.000488
0.000855
-0.000306
0.00122
0.001159
-0.002319
-0.000244
-0.000183
-0.000367
-0.001099
-0.00293
0.000672
-0.001159
-0.000366
0
-0.001281
-0.001465
0.000794
-0.001099
-0.001709
6.1e-05
0.001403
0.001037
-0.002197
0.000793
0.00293
1e-06
0.000426
-0.000793
0.002137
0.001464
0.002198
-0.000122
0.00116
0.002563
0.000854
0
0
0.001098
0.000488
-0.002564
-0.000732
-0.000549
0.000976
-0.00354
0.002686
-0.001587
-0.001404
-0.00116
-0.000855
0.001465
-0.001099
0.000305
0.001771
0.001342
0.005127
-0.000549
0.002013
0.00299
0.002869
0.000427
-0.002197
0.002442
0.000854
0.000488
-0.000244
-0.00061
-0.000306
0.000611
-0.000366
0.002686
-0.001709
0.003113
-0.000183
0.00177
0.000794
0.000548
-0.000915
0.001221
-0.002319
0
-0.001282
-0.000793
0.001953
0.000549
0.000549
0.004028
0.000855
6.1e-05
0.00061
0.000976
-0.001586
-0.000488
0.002502
-0.001037
0.000305
0.000244
-0.000427
0.001892
-0.000121
0.000853
0.000366
0.000427
-6.1e-05
0.000976
0.000549
-0.001892
-0.000977
-0.000426
0.00183
0.001098
0.000244
-0.001037
-0.0011
0.001953
0.000793
0.001099
0.000915
0.000609
0.000611
-0.004211
0.000427
0.001221
0.000183
-0.002381
-6.1e-05
0.000244
-0.000611
0.000183
0.00116
0.001282
0.001464
-0.001342
-0.000122
0.000306
-0.000794
0.001952
0.000672
-0.000122
-0.000183
-0.001038
-0.000183
-0.001404
-0.000305
0.001221
-0.00287
-0.000854
0.000672
0.000244
0.002625
0.000672
-0.003174
-0.000427
-0.001466
-0.000244
0.001038
0.000488
-0.000916
0.000367
-0.001525
-0.000976
0.004272
0.000976
0.000367
0.001953
-0.001282
6.1e-05
-6.1e-05
-0.001099
0.000916
0.000183
-0.000428
0.000977
-6.2e-05
0.001343
0.001404
0.000794
-0.001832
0.001038
-0.001038
-0.000122
-0.001648
-0.00232
-0.000183
-0.000732
-0.000184
-0.000306
0.002198
0.001098
0.00824
0.001222
0.001708
-0.000793
0.001648
0.000122
-0.003601
0.002135
-0.000489
-0.001708
-0.000184
0.000915
0.00061
0.000733
-0.000122
-0.004639
-0.000366
0.002685
0.003112
-0.000366
-0.000305
6.1e-05
-0.001343
-0.000976
0.000427
0.004516
0.00116
0.003601
0.000855
-6.2e-05
0.001587
0.000184
0
-0.002502
0.001465
-0.000183
0.000243
-0.000488
0.000611
0.001281
-0.000245
-0.003296
-0.000427
0.001649
-0.000488
-0.001954
-0.00128
0
-0.001221
-0.001587
-0.000183
-0.000549
-0.004089
-0.007751
-0.002563
-0.00177
0
-0.000183
-0.004517
-0.00116
-0.001648
-0.001038
-0.000489
0.001221
0.000245
-0.002014
-0.000672
0
-0.001587
-0.000489
0.000793
-0.00116
0.000488
-0.002625
-0.00238
-0.000123
-0.000366
-1e-06
-0.000915
0.001953
-0.000855
-0.000915
-0.001526
-0.000671
-0.000489
0.00061
-0.000427
-0.001283
0.000489
-0.000917
-0.000366
-0.000244
-0.003602
0.000184
-0.001404
-0.001282
-0.001282
-0.002747
-0.003967
-0.001465
-0.001159
-0.00061
-0.001466
-0.001464
-0.001282
0.00409
-0.002198
-0.000182
-0.00061
-0.003662
-6e-05
0.000549
0.000123
0.001586
-0.001098
-0.002502
-6.1e-05
0.000366
0.000244
0.001098
0.00055
-0.003234
-0.002564
-0.000793
-0.001832
-0.000244
-0.000366
0.002257
0.001221
-1e-06
0.000488
0.001282
0.00183
-0.001343
0.000488
0.000123
0.000244
-0.000488
-0.00177
-0.00177
-0.000855
0.001648
-0.003418
-0.005371
0.000244
-0.000122
-0.002441
-0.001159
