27
28
44
28
28
50
31
31
30
30
30
26
27
50
32
29
27
27
69
41
30
37
30
27
36
28
27
0
28
31
27
32
30
27
27
27
42
32
25
26
27
48
29
31
29
42
28
29
43
27
27
31
36
27
30
29
35
33
28
41
28
30
45
27
30
28
27
27
28
28
20
32
29
27
27
28
35
29
27
27
37
28
27
57
28
33
41
31
35
35
43
27
43
30
27
30
27
26
14
29
34
28
33
28
28
31
33
58
33
30
30
30
30
27
28
27
27
29
47
27
32
28
27
45
35
36
28
45
46
27
32
28
29
28
33
32
29
30
27
26
28
35
25
42
31
29
42
26
27
41
41
27
26
27
40
31
30
30
29
43
27
0
27
44
28
33
41
28
27
46
26
30
26
28
29
27
29
27
46
36
30
45
46
43
29
41
48
28
28
34
27
27
31
28
27
27
27
28
28
27
28
40
31
30
44
31
27
28
27
27
32
27
18
28
28
27
35
27
28
28
26
28
273
30
27
32
30
28
28
51
29
30
27
39
33
42
27
25
33
38
25
36
34
29
42
27
27
33
32
30
31
47
34
36
30
27
27
28
42
27
28
33
28
27
27
27
33
27
34
28
42
29
27
32
31
27
27
30
47
28
41
28
31
35
35
27
27
14
33
41
32
28
28
28
30
27
29
29
35
31
43
27
34
28
29
27
33
41
36
0
28
44
27
28
26
42
27
27
29
29
29
27
40
27
38
31
29
28
40
36
32
28
35
35
27
27
28
30
31
31
27
26
26
33
47
46
29
27
27
31
33
28
31
27
31
27
40
41
36
27
27
27
31
37
27
28
27
40
27
90
27
31
46
30
35
29
31
28
30
28
31
35
28
28
30
41
28
26
27
27
28
29
30
30
28
30
34
48
19
27
32
50
27
81
28
28
40
31
30
35
27
44
33
27
28
28
27
30
29
31
33
42
27
33
26
40
43
41
27
27
98
27
42
35
27
27
26
27
30
30
29
34
27
31
29
42
27
28
32
30
33
35
29
27
33
27
28
41
32
30
31
41
45
27
45
31
30
31
27
27
27
28
31
56
30
34
27
31
28
28
27
41
34
27
28
40
29
38
32
27
28
45
28
34
27
31
29
27
26
30
28
34
28
30
27
26
33
33
29
27
41
28
29
49
32
42
42
38
27
26
29
42
38
27
37
31
34
28
28
42
27
30
34
30
29
27
27
31
27
28
28
41
27
48
27
27
27
27
27
42
29
28
34
27
35
47
36
30
45
28
30
45
41
28
46
33
27
41
41
27
26
45
27
40
27
27
27
29
34
34
30
30
36
29
33
31
41
33
28
28
28
27
27
34
31
30
29
27
28
41
28
27
28
34
29
28
31
35
35
28
31
28
27
27
28
30
27
43
27
0
35
0
27
41
30
42
41
0
35
34
35
28
46
46
27
43
28
27
27
28
26
26
46
30
35
27
28
33
43
36
42
27
28
28
30
82
30
28
27
29
31
27
29
29
31
27
27
36
29
27
28
41
33
42
33
33
33
40
30
45
42
41
27
29
34
28
30
28
30
46
31
28
34
42
27
28
35
31
27
27
28
30
33
33
42
28
28
27
41
27
28
41
39
27
27
26
31
35
34
30
31
29
30
30
29
29
42
28
28
29
28
27
28
44
43
28
28
33
27
37
31
27
28
27
28
27
28
45
36
33
28
33
28
28
30
28
28
28
43
32
30
27
39
26
28
28
27
27
37
35
30
28
28
27
27
27
42
41
27
0
32
27
27
35
28
18
26
33
32
28
31
34
46
27
29
38
47
31
28
27
33
41
27
27
30
36
46
30
27
42
42
68
26
39
28
21
34
32
34
28
27
28
42
28
27
42
28
29
26
28
28
35
27
30
28
36
44
28
47
28
28
28
30
37
44
26
30
28
40
36
28
28
28
28
33
32
31
33
28
27
33
33
61
30
29
28
30
28
27
28
28
32
28
27
29
29
30
31
27
60
31
27
68
28
28
27
37
27
29
28
34
30
42
29
30
28
28
27
30
27
28
28
29
28
28
28
28
41
27
29
30
44
32
26
28
29
27
27
31
32
28
28
32
28
28
40
28
36
27
29
32
28
28
44
32
35
27
30
30
32
27
30
30
28
29
43
42
28
28
29
28
28
29
26
28
28
33
15
34
31
28
32
27
30
29
32
28
31
26
33
26
28
29
28
34
27
28
49
28
29
27
28
29
28
29
29
43
43
34
18
29
28
32
32
28
44
30
28
28
28
