0.000123
0.000244
0.009155
0.008057
0.008118
0.007202
0.007446
0.008117
0.006408
0.006958
0.007202
0.00763
0.007995
0.007813
0.007751
0.007751
0.006592
0.005005
0.006531
0.005249
0.006531
0.006348
0.005249
0.006714
0.010681
0.007019
0.006775
0.005127
0.006653
0.005615
0.007447
0.005554
0.005554
0.005432
0.005981
0.006653
0.005616
0.005981
0.006226
0.006042
0.006348
0.006225
0.00647
0.005737
0.006287
0.007934
0.006043
0.006042
0.006896
0.009095
0.0083
0.007142
0.009155
0.008606
0.007507
0.007141
0.00769
0.008545
0.007935
0.009827
0.007446
0.007385
0.008606
0.008362
0.007385
0.008423
0.009949
0.008666
0.007263
0.009705
0.010132
0.009948
0.010193
0.010376
0.008117
0.008484
0.0083
0.00885
0.009888
0.009766
0.007995
0.009522
0.00708
0.010254
0.007995
0.009216
0.009521
0.008789
0.009094
0.009094
0.007934
0.008545
0.009155
0.00946
0.008912
0.009094
0.008728
0.008301
0.012085
0.008667
0.009948
0.0094
0.008911
0.008118
0.008056
0.009094
0.010315
0.007812
0.008301
0.006592
0.009705
0.010009
0.007996
0.009094
0.008728
0.010621
0.014831
0.009644
0.009155
0.009216
0.009399
0.008178
0.010376
0.00824
0.01062
0.010742
0.01007
0.010804
0.008728
0.010376
0.010498
0.009827
0.011169
0.010254
0.011048
0.01007
0.009033
0.006897
0.009033
0.007202
0.008423
0.009949
0.00885
0.007324
0.00885
0.009217
0.009155
0.008484
0.009033
0.009217
0.008057
0.010681
0.009338
0.01062
0.009338
0.008851
0.009216
0.010315
0.007873
0.010376
0.009339
0.010254
0.008728
0.010009
0.00824
0.01007
0.0094
0.009339
0.008728
0.009522
0.008179
0.010071
0.009643
0.010804
0.010254
0.008057
0.010742
0.010803
0.009644
0.010132
0.009155
0.009704
0.009949
0.009704
0.01062
0.011047
0.010071
0.009338
0.008606
0.009034
0.008667
0.009948
0.010315
0.009095
0.010498
0.01062
0.009338
0.009644
0.009948
0.010376
0.009765
0.009399
0.010865
0.00885
0.010559
0.009155
0.011414
0.016601
0.017029
0.014465
0.016296
0.018311
0.012939
0.016785
0.016296
0.019348
0.01709
0.02063
0.013671
0.014893
0.016296
0.018433
0.015625
0.018981
0.016907
0.016907
0.013611
0.015014
0.018066
0.018982
0.016724
0.018188
0.018738
0.018311
0.016601
0.017639
0.015381
0.015503
0.015076
0.016601
0.016357
0.017151
0.017212
0.016907
0.015625
0.013977
0.016174
0.016113
0.013306
0.016235
0.01593
0.013611
0.00824
0.00885
0.008484
0.009338
0.012146
0.009644
0.007934
0.008484
0.009765
0.007995
0.013306
0.009582
0.009339
0.007385
0.009094
0.009277
0.009339
0.008667
0.008118
0.008545
0.008667
0.007935
0.010376
0.010437
0.008362
0.008667
0.007325
0.009155
0.007569
0.010254
0.011291
0.009521
0.008911
0.008911
0.009521
0.010926
0.008667
0.007874
0.008118
0.00885
0.008484
0.008118
0.008361
0.008362
0.008728
0.008606
0.009155
0.009034
0.010742
0.007447
0.007507
0.009766
0.008728
0.008728
0.009766
0.008545
0.012451
0.009582
0.007935
0.008545
0.010071
0.009583
0.00885
0.007813
0.008362
0.00824
0.008362
0.008484
0.008118
0.008667
0.009277
0.007446
0.009033
0.009033
0.008667
0.007873
0.008972
0.008789
0.007446
0.009826
0.008239
0.007569
0.010804
0.008911
0.008972
0.009399
0.009399
0.008545
0.007996
0.008484
0.008361
0.009461
0.009705
0.00763
0.007873
0.010193
0.009339
0.007202
0.010071
0.008545
0.00769
0.008911
0.008178
0.009094
0.007934
0.008972
0.00824
0.008545
0.009399
0.007019
0.008789
0.009705
0.008972
0.007568
0.008667
0.00885
0.009522
0.008606
0.007934
0.009155
0.007935
0.008789
0.0083
0.00946
0.008178
0.007873
0.008606
0.008422
0.008118
0.009399
0.009888
0.008301
0.00824
0.007752
0.00946
0.010315
0.008362
0.008422
0.008606
0.009522
0.007141
0.008972
0.009156
0.008667
0.008606
0.009826
0.00885
0.009644
0.00885
0.008973
0.008972
0.008728
0.007873
0.008728
0.008606
0.008484
0.009216
0.008118
0.008423
0.008117
0.007324
0.011597
0.012817
0.007751
0.009095
0.008362
0.008178
0.009766
0.009338
0.009461
0.009094
0.008606
0.008423
0.006775
0.00885
0.007751
0.008178
0.008179
0.009155
0.009338
0.008972
0.008362
0.008422
0.009094
0.008484
0.008118
0.008789
0.0094
0.009582
0.0094
0.009216
0.009583
0.008118
0.008484
0.008728
0.008972
0.009522
0.008972
0.009094
0.008606
0.007873
0.010559
0.008545
0.008178
0.008423
0.008362
0.008667
0.008484
0.008179
0.007873
0.008911
0.009278
0.008789
0.011231
0.008178
0.008606
0.008483
0.008423
0.007813
0.008972
0.008667
0.008179
0.009094
0.009033
0.009216
0.009887
0.008301
0.009216
0.009705
0.008361
0.008301
0.008789
0.009278
0.008667
0.008484
0.008118
0.008362
0.008484
0.009216
0.010192
0.009644
0.009338
0.008789
0.007202
0.009766
0.009643
0.009338
0.008179
0.007935
0.00946
0.008362
0.007568
0.008361
0.008301
0.0094
0.009338
0.008606
0.009217
0.009094
0.008851
0.008484
0.009582
0.009033
0.007935
0.008911
0.010498
0.009155
0.008239
0.008484
0.00824
0.007385
0.010315
0.012329
0.009216
0.008728
0.009827
0.00769
0.00946
0.009034
0.00824
0.010559
0.011963
0.01471
0.012695
0.010193
0.014831
0.010987
0.009704
0.0094
0.008667
0.008423
0.010315
0.009766
0.011902
0.007019
0.007568
0.009278
0.00824
0.009217
0.008118
0.009034
0.010253
0.008606
0.00885
0.008606
0.007691
0.008606
0.009033
0.008728
0.007813
0.008972
0.009399
0.007751
0.009094
0.008362
0.009216
0.00885
0.009705
0.008667
0.010254
0.009583
0.008484
0.007934
0.007812
0.00824
0.011658
0.008667
0.008484
0.0094
0.009887
0.008667
0.009583
0.008606
0.007324
0.009888
0.008667
0.008667
0.008972
0.009583
0.009827
0.009827
0.007263
0.009949
0.008057
0.009155
0.009888
0.008423
0.008851
0.008606
0.008545
0.008606
0.007507
0.010498
0.008911
0.008789
0.008361
0.008423
0.009399
0.008545
0.009155
0.00885
0.007691
0.009766
0.01001
0.008545
0.009277
0.010071
0.007751
0.009094
0.010315
0.008423
0.009399
0.007995
0.009216
0.009094
0.009278
0.01007
0.008973
0.008239
0.009461
0.008118
0.009338
0.008728
0.010254
0.010071
0.010376
0.009582
0.008972
0.00885
0.008545
0.009705
0.009888
0.009094
0.00946
0.008301
0.007569
0.009034
0.007996
0.0094
0.009521
0.008423
0.008667
0.008728
0.00824
0.010131
0.008911
0.010254
0.009216
0.008362
0.008667
0.008118
0.009094
0.008912
0.009948
0.008606
0.009033
0.008179
0.009948
0.009278
0.009643
0.008423
0.008728
0.010864
0.008606
0.008911
0.009338
0.008484
0.00885
0.009461
0.00946
0.008545
0.008789
0.00824
0.008362
0.008484
0.008179
0.008973
0.010681
0.008606
0.009094
0.008911
0.008972
0.007873
0.009278
0.008545
0.008484
0.008606
0.009949
0.009888
0.007629
0.00885
0.008728
0.009155
0.007751
0.009095
0.008484
0.007446
0.008728
0.008728
0.007812
0.0083
0.008667
0.008728
0.008911
0.008667
0.009033
0.00769
0.009094
0.007812
0.01062
0.007751
0.008667
0.009216
0.008178
0.010437
0.008545
0.010193
0.008362
0.009521
0.009766
0.010803
0.008728
0.010864
0.009643
0.009094
0.009766
0.007874
0.010986
0.007873
0.009277
0.008362
0.009644
0.008606
0.009887
0.00946
0.00824
0.008057
0.008911
0.010315
0.009704
0.011413
0.008972
0.007324
0.008118
0.008483
0.008179
0.008911
0.009582
0.009949
0.008911
0.008972
0.007386
0.008667
0.010498
0.00885
0.009033
0.007935
0.009156
0.006897
0.008545
0.009461
0.008545
0.008789
0.009033
0.009583
0.008606
0.009948
0.008057
0.008606
0.010559
0.00885
0.008606
0.008301
0.008667
0.009033
0.008606
0.008789
0.009338
0.008728
0.0083
0.008667
0.01062
0.008789
0.009217
0.011352
0.011658
0.008118
0.008911
0.009216
0.009033
0.009155
0.006531
0.007752
0.01239
0.009521
0.012512
0.009644
0.009033
0.010132
0.008362
0.007691
0.007813
0.009155
0.01001
0.00885
0.009948
0.007202
0.009217
0.008117
0.009766
0.008728
0.006897
0.009094
0.008361
0.008728
0.009217
0.008911
0.008606
0.009704
0.010743
0.012573
0.010803
0.007142
0.009155
0.009705
0.008179
0.008483
0.009461
0.008545
0.007508
0.009887
0.008423
0.007751
0.008789
0.009399
0.00763
0.009094
0.008423
0.00946
0.008301
0.009033
0.007019
0.009766
0.008972
0.008606
0.010986
0.009339
0.007568
0.007629
0.009644
0.007996
0.00879
0.008728
0.009949
0.00824
0.009155
0.009034
0.009278
0.008178
0.008117
0.009399
0.009216
0.009888
0.010315
0.008178
0.01001
0.01007
0.009155
0.008301
0.008911
0.008789
0.009583
0.008301
0.009705
0.010253
0.008912
0.008362
0.007691
0.009826
0.00885
0.009155
0.00708
0.008117
0.007569
0.008728
0.008606
0.007507
0.008789
0.008362
0.011902
0.011779
0.008789
0.009095
0.00885
0.008179
0.008545
0.008179
0.007446
0.011291
0.008667
0.007873
0.009094
0.008422
0.008973
0.009704
0.010071
0.008301
0.009216
0.007812
0.009521
0.009704
0.008667
0.008728
0.008362
0.008545
0.008545
0.009094
0.00885
0.008972
0.008118
0.00824
0.010132
0.008972
0.008484
0.010254
0.009888
0.008972
0.008362
0.01062
0.008911
0.007324
0.008667
0.009217
0.010071
0.009399
0.008606
0.008667
0.009643
0.008789
0.009278
0.008545
0.01001
0.009339
0.007691
0.008606
0.008057
0.009887
0.008728
0.009949
0.009095
0.016784
0.01117
0.009461
0.010131
0.009155
0.006775
0.00885
0.008789
0.009034
0.009033
0.00708
0.007385
0.008239
0.008789
0.008423
0.008484
0.008606
0.010071
0.010071
0.009094
0.009338
0.008057
0.007752
0.007691
0.008728
0.008973
0.008728
0.011414
0.011596
0.010193
0.009338
0.0094
0.00885
0.008973
0.008789
0.007935
0.008972
0.00708
