0.001099
0.000672
0.002868
0
0.000977
0
0.000244
0.003724
0.001953
0.000244
0.000183
0.007202
0.002564
0.004638
6.1e-05
0
0
0.004272
0.00354
0.003785
0.016296
0.002747
0.00061
6.1e-05
0.000977
0.000611
0
0.000122
6.1e-05
0.000305
0.002075
0.002686
0
0.013427
0
0.000732
0
0
0.017578
0
0.001343
0
0
0.006287
0
0.002503
0.01892
0.010682
0.003845
0.007019
0.000123
0.000244
0.003418
0.000428
6.1e-05
6.1e-05
0
0.001282
0.000305
0.000244
6.1e-05
6.1e-05
0
0.000244
0.000366
0
0.00061
0
6.1e-05
6.1e-05
6.1e-05
0.000306
0.000366
0.000488
0.00055
0
0
0
0
0
6.1e-05
0.000183
6.1e-05
0
0
6.2e-05
0.000488
0.000549
0.000122
6.1e-05
0.001709
0
0.001281
0.000244
0.001037
0.000427
0.000916
0.002197
0.007508
0.000305
0.000366
0
0.000916
0
0.000244
0.000122
0.002258
0.003174
0.004517
0
0.000122
0.000122
0
0.000122
0
0.001953
0.001099
0
0.000367
0
0.000122
0.000244
0.000305
6.1e-05
0
0
0
0.000183
0
0.000183
0
0.000122
0.000306
0
0.000549
0
0
0.000122
0
0.000184
0.001465
6.1e-05
0.000122
0.000427
0
0.000794
0
0
0
0.000183
0.000305
0.000244
0.001465
0.010071
0.000244
0
6.1e-05
0.000366
0
0.000488
0.000183
0.000732
0.000488
0
0.00122
0
0
0.000244
0
0.000122
0
0
0.000305
0
0.000183
0.000183
0.000122
0.000122
0
0.001404
0.000183
0
0
0.000122
0.000305
0.000489
0
0.000427
0.000488
0
0
0
0.000122
0.000367
0
0.000122
0
0
6.1e-05
0.000244
0
0.000366
0.000671
0
0.000183
0.000183
6.1e-05
0
6.1e-05
0.002197
0.000183
0
0.001099
0.011413
0.006775
0.005066
0.003052
0.005677
0.003784
0.003296
0.003235
0.000672
0
0
0.012329
0.00055
6.1e-05
0.001038
0.001709
0.007629
0
0
0
0
0.005615
0
0.002259
0.000671
0.00116
0.019593
0.001038
0.002075
0.000122
0.001465
0
0.000488
0
0
0
0.000305
0.000305
0
0
0
0.000794
0.002868
0
0.001099
6.1e-05
0.00177
0
0
6.1e-05
0
0
0
0
0.000183
0.001099
0
0.000184
0
0.000245
0.000183
0.000244
0
0
0.000549
0.000122
0
0
6.1e-05
0
0
0
0.000122
0
0
0.000122
0
0.000366
0
0
6.1e-05
0
6.1e-05
0
0.004761
0.000977
0
0.000366
0
0
0
0.000244
0
6.1e-05
6.1e-05
0.000122
6.1e-05
0.000244
0.000366
0.000122
0.000366
0
0
0.001038
0.016052
0.027527
0.007996
0.004334
0.003663
0.004333
0.002747
0.00299
0.000733
0.001892
0.001892
0.000122
0.000672
0.00055
0
0
0.000122
0
0
0.000488
0.000122
0
0
0
0
0
0
0
0
0
0
6.1e-05
0
0.000122
0.000122
0.000366
0.000488
0.000122
0
0
0.000122
0.000183
0
0
0.000183
0.000244
0
0
6.1e-05
0
6.1e-05
0
0
0
0
6.1e-05
0.001098
6.1e-05
0.013672
0.002502
0
0.001526
0.000305
0.010498
0.000183
0
0.013
