32
31
33
15
33
96
0
57
30
113
32
76
52
31
31
32
61
31
31
32
33
14
32
32
29
31
32
17
29
32
31
34
31
169
34
31
36
32
16
31
31
31
38
50
36
31
37
37
29
32
31
36
32
32
18
30
29
30
39
34
31
31
29
32
36
37
35
31
31
32
35
31
30
32
32
32
30
32
34
38
30
30
32
32
46
33
31
31
18
34
0
32
37
31
33
30
31
32
34
34
33
37
34
33
35
32
38
30
32
33
30
31
31
47
32
31
31
31
42
31
39
37
31
31
31
31
31
34
31
31
38
31
39
31
31
32
32
31
73
31
37
39
35
31
32
32
36
38
31
32
32
42
31
34
31
32
32
31
32
36
31
31
38
32
19
47
52
30
36
37
34
47
30
30
30
31
0
34
31
16
35
31
31
31
31
51
30
0
30
32
31
31
32
34
30
32
31
31
31
32
30
31
31
32
31
31
32
30
37
32
33
32
34
32
31
31
31
32
31
32
16
31
32
31
32
33
32
37
31
30
31
35
32
31
36
31
36
37
37
51
30
31
31
36
29
37
37
31
33
31
35
32
15
31
32
34
34
32
31
54
31
30
33
40
38
32
31
32
31
33
85
104
39
33
528
31
31
27
67
34
27
27
27
27
29
27
27
26
26
30
26
27
27
33
28
26
27
29
27
27
45
28
30
29
30
29
35
27
14
27
27
28
26
27
27
27
26
32
28
26
33
27
34
36
35
38
35
27
27
29
34
33
28
38
30
27
27
28
27
27
28
0
34
0
292
560
0
278
367
305
346
18
28
16
31
28
32
28
27
28
27
34
28
28
28
28
34
35
30
29
28
30
30
30
34
35
27
35
27
27
27
28
27
33
27
28
27
27
27
27
33
37
30
36
18
29
32
28
33
26
35
28
28
0
28
27
27
35
27
35
27
25
40
29
28
27
33
27
27
27
30
39
27
27
40
27
34
27
29
28
31
28
29
55
31
27
33
30
37
34
41
27
28
40
26
26
27
31
27
32
31
31
27
47
31
27
27
29
37
29
34
33
27
28
26
29
27
26
27
27
27
0
355
0
343
34
28
29
36
27
33
28
31
28
29
31
25
26
28
31
27
28
28
34
27
32
30
40
29
29
26
31
27
15
26
26
27
27
14
17
30
28
27
29
33
15
29
29
27
31
30
28
27
26
32
27
14
27
27
27
40
29
31
30
29
29
27
43
28
17
31
26
31
27
27
27
32
30
28
28
27
27
42
29
30
30
41
28
28
27
35
27
29
27
31
27
42
40
28
28
31
27
26
35
27
27
28
33
37
31
30
28
28
28
28
26
30
29
27
27
27
28
27
29
14
33
31
27
37
28
30
27
32
31
33
27
32
29
27
27
26
27
17
27
28
28
31
28
27
27
27
33
32
26
30
31
30
30
28
34
30
34
34
28
28
14
29
43
26
27
34
28
27
27
28
31
29
26
33
26
30
27
36
30
34
28
27
28
68
28
29
26
27
27
28
27
32
28
27
28
34
20
31
29
31
27
27
28
27
33
27
32
28
32
27
31
30
29
28
28
28
27
26
30
30
29
30
36
33
27
30
27
27
27
27
27
27
30
27
27
28
27
33
27
27
13
32
31
31
27
29
29
30
27
27
30
27
27
28
27
33
27
26
28
28
27
27
29
28
35
29
32
30
27
26
26
26
27
30
30
32
32
31
88
1031
66
46
32
43
38
101
945
48
605
49
32
32
37
31
35
31
34
16
32
31
31
37
31
38
37
31
35
32
34
35
32
32
36
32
36
33
33
48
32
36
32
31
34
31
15
34
32
36
54
33
33
31
31
52
32
32
53
35
32
42
33
31
34
37
34
31
32
32
32
31
33
32
48
32
32
32
30
32
32
31
35
36
32
32
32
32
33
32
33
31
34
47
32
35
32
33
32
31
35
40
33
32
31
33
35
32
32
32
32
40
32
32
32
32
32
34
32
36
32
54
34
33
30
34
32
39
31
32
36
32
34
36
32
33
88
32
39
32
0
32
33
32
73
39
34
34
39
34
32
31
38
37
32
47
31
32
32
32
32
33
34
42
36
34
37
30
31
32
31
32
32
32
36
37
33
31
32
32
32
32
32
33
31
34
31
36
36
30
33
30
32
36
15
36
35
33
38
41
38
30
35
32
32
39
32
16
32
32
32
30
40
39
32
32
31
36
31
32
39
32
36
32
32
31
38
37
40
63
32
26
16
32
32
32
15
35
32
32
32
34
36
34
31
32
31
