173.000000
269.000000
247.000000
257.000000
364.000000
242.000000
233.000000
271.000000
308.000000
257.000000
299.000000
296.000000
250.000000
267.000000
280.000000
257.000000
253.000000
323.000000
285.000000
263.000000
251.000000
262.000000
279.000000
261.000000
276.000000
329.000000
170.000000
283.000000
277.000000
284.000000
346.000000
315.000000
344.000000
395.000000
183.000000
344.000000
349.000000
338.000000
376.000000
197.000000
374.000000
378.000000
443.000000
474.000000
212.000000
415.000000
393.000000
406.000000
188.000000
401.000000
394.000000
532.000000
224.000000
359.000000
362.000000
376.000000
224.000000
420.000000
390.000000
385.000000
283.000000
424.000000
361.000000
390.000000
189.000000
430.000000
405.000000
374.000000
228.000000
433.000000
453.000000
349.000000
393.000000
222.000000
526.000000
265.000000
489.000000
239.000000
539.000000
652.000000
378.000000
791.000000
809.000000
467.000000
507.000000
504.000000
252.000000
594.000000
467.000000
335.000000
476.000000
461.000000
288.000000
508.000000
242.000000
516.000000
495.000000
297.000000
469.000000
603.000000
258.000000
493.000000
287.000000
484.000000
519.000000
269.000000
531.000000
299.000000
519.000000
609.000000
267.000000
592.000000
277.000000
506.000000
525.000000
280.000000
550.000000
258.000000
527.000000
354.000000
527.000000
549.000000
268.000000
508.000000
270.000000
527.000000
547.000000
279.000000
512.000000
370.000000
617.000000
543.000000
277.000000
488.000000
540.000000
272.000000
573.000000
281.000000
478.000000
625.000000
281.000000
566.000000
270.000000
541.000000
500.000000
334.000000
543.000000
274.000000
477.000000
637.000000
295.000000
473.000000
265.000000
497.000000
515.000000
307.000000
490.000000
266.000000
482.000000
619.000000
262.000000
501.000000
275.000000
502.000000
529.000000
260.000000
482.000000
276.000000
495.000000
624.000000
254.000000
482.000000
257.000000
487.000000
550.000000
256.000000
479.000000
506.000000
274.000000
604.000000
264.000000
489.000000
481.000000
325.000000
630.000000
282.000000
582.000000
513.000000
303.000000
601.000000
249.000000
530.000000
259.000000
554.000000
523.000000
248.000000
503.000000
271.000000
551.000000
608.000000
251.000000
497.000000
270.000000
547.000000
518.000000
272.000000
496.000000
289.000000
502.000000
589.000000
255.000000
516.000000
293.000000
476.000000
510.000000
255.000000
532.000000
282.000000
490.000000
626.000000
242.000000
563.000000
305.000000
540.000000
273.000000
543.000000
545.000000
270.000000
477.000000
587.000000
274.000000
572.000000
252.000000
530.000000
489.000000
256.000000
544.000000
274.000000
474.000000
606.000000
267.000000
527.000000
251.000000
519.000000
498.000000
263.000000
542.000000
268.000000
479.000000
597.000000
250.000000
531.000000
258.000000
475.000000
531.000000
366.000000
594.000000
309.000000
580.000000
604.000000
302.000000
495.000000
288.000000
477.000000
492.000000
290.000000
503.000000
269.000000
507.000000
604.000000
295.000000
495.000000
497.000000
245.000000
565.000000
247.000000
493.000000
503.000000
255.000000
648.000000
251.000000
522.000000
506.000000
253.000000
532.000000
246.000000
501.000000
548.000000
262.000000
692.000000
290.000000
500.000000
517.000000
281.000000
559.000000
249.000000
486.000000
511.000000
259.000000
689.000000
267.000000
510.000000
521.000000
269.000000
536.000000
251.000000
525.000000
252.000000
539.000000
617.000000
254.000000
512.000000
281.000000
550.000000
508.000000
246.000000
499.000000
286.000000
539.000000
602.000000
255.000000
506.000000
262.000000
552.000000
495.000000
259.000000
504.000000
264.000000
637.000000
606.000000
273.000000
547.000000
277.000000
549.000000
511.000000
254.000000
502.000000
264.000000
541.000000
588.000000
261.000000
500.000000
283.000000
542.000000
515.000000
252.000000
496.000000
299.000000
502.000000
609.000000
242.000000
506.000000
291.000000
521.000000
502.000000
250.000000
508.000000
300.000000
506.000000
591.000000
229.000000
580.000000
622.000000
295.000000
578.000000
274.000000
578.000000
278.000000
284.000000
585.000000
250.000000
543.000000
276.000000
483.000000
522.000000
251.000000
548.000000
503.000000
269.000000
610.000000
243.000000
542.000000
275.000000
465.000000
520.000000
255.000000
531.000000
287.000000
477.000000
598.000000
253.000000
548.000000
505.000000
284.000000
524.000000
256.000000
524.000000
526.000000
252.000000
610.000000
597.000000
266.000000
555.000000
275.000000
557.000000
524.000000
248.000000
517.000000
252.000000
598.000000
512.000000
264.000000
523.000000
257.000000
573.000000
496.000000
248.000000
504.000000
259.000000
650.000000
478.000000
248.000000
512.000000
265.000000
547.000000
467.000000
256.000000
539.000000
248.000000
594.000000
503.000000
259.000000
524.000000
247.000000
623.000000
470.000000
253.000000
533.000000
610.000000
270.000000
472.000000
263.000000
516.000000
534.000000
257.000000
505.000000
252.000000
491.000000
640.000000
266.000000
487.000000
520.000000
261.000000
532.000000
260.000000
482.000000
532.000000
269.000000
584.000000
308.000000
466.000000
520.000000
273.000000
537.000000
265.000000
477.000000
517.000000
300.000000
577.000000
263.000000
479.000000
537.000000
338.000000
528.000000
549.000000
251.000000
567.000000
290.000000
506.000000
571.000000
269.000000
543.000000
286.000000
488.000000
496.000000
247.000000
548.000000
260.000000
569.000000
517.000000
245.000000
545.000000
229.000000
500.000000
530.000000
254.000000
539.000000
241.000000
486.000000
613.000000
247.000000
561.000000
244.000000
588.000000
504.000000
250.000000
636.000000
497.000000
301.000000
522.000000
303.000000
509.000000
512.000000
269.000000
566.000000
513.000000
281.000000
480.000000
329.000000
520.000000
298.000000
498.000000
475.000000
285.000000
527.000000
535.000000
269.000000
495.000000
284.000000
545.000000
551.000000
252.000000
494.000000
528.000000
278.000000
502.000000
276.000000
484.000000
634.000000
338.000000
558.000000
284.000000
527.000000
295.000000
558.000000
495.000000
261.000000
478.000000
629.000000
300.000000
483.000000
266.000000
483.000000
558.000000
245.000000
526.000000
263.000000
497.000000
633.000000
241.000000
501.000000
270.000000
504.000000
545.000000
243.000000
493.000000
275.000000
473.000000
632.000000
254.000000
497.000000
516.000000
262.000000
532.000000
268.000000
494.000000
487.000000
266.000000
690.000000
237.000000
483.000000
533.000000
273.000000
536.000000
246.000000
476.000000
522.000000
297.000000
587.000000
468.000000
251.000000
517.000000
289.000000
517.000000
486.000000
258.000000
537.000000
299.000000
600.000000
487.000000
253.000000
533.000000
269.000000
521.000000
471.000000
271.000000
548.000000
246.000000
609.000000
509.000000
265.000000
558.000000
249.000000
533.000000
268.000000
493.000000
592.000000
286.000000
646.000000
247.000000
522.000000
558.000000
252.000000
504.000000
274.000000
484.000000
574.000000
262.000000
590.000000
471.000000
281.000000
536.000000
254.000000
524.000000
472.000000
284.000000
546.000000
251.000000
611.000000
478.000000
297.000000
520.000000
260.000000
530.000000
257.000000
530.000000
517.000000
262.000000
598.000000
251.000000
574.000000
527.000000
246.000000
531.000000
527.000000
272.000000
496.000000
248.000000
623.000000
531.000000
250.000000
530.000000
244.000000
539.000000
509.000000
245.000000
530.000000
247.000000
622.000000
523.000000
267.000000
494.000000
257.000000
515.000000
551.000000
255.000000
533.000000
250.000000
585.000000
515.000000
264.000000
495.000000
257.000000
606.000000
528.000000
248.000000
526.000000
571.000000
326.000000
488.000000
255.000000
513.000000
571.000000
290.000000
477.000000
244.000000
517.000000
612.000000
277.000000
506.000000
251.000000
519.000000
545.000000
286.000000
491.000000
265.000000
512.000000
588.000000
301.000000
503.000000
261.000000
543.000000
526.000000
261.000000
510.000000
244.000000
532.000000
636.000000
268.000000
477.000000
247.000000
670.000000
489.000000
271.000000
512.000000
251.000000
571.000000
520.000000
298.000000
498.000000
542.000000
259.000000
501.000000
263.000000
489.000000
543.000000
274.000000
573.000000
271.000000
519.000000
548.000000
237.000000
500.000000
293.000000
485.000000
572.000000
275.000000
506.000000
339.000000
508.000000
550.000000
251.000000
500.000000
265.000000
479.000000
570.000000
251.000000
571.000000
264.000000
497.000000
618.000000
246.000000
509.000000
503.000000
302.000000
505.000000
252.000000
509.000000
591.000000
294.000000
499.000000
241.000000
487.000000
516.000000
304.000000
524.000000
502.000000
247.000000
627.000000
282.000000
506.000000
477.000000
259.000000
587.000000
283.000000
546.000000
271.000000
535.000000
641.000000
272.000000
514.000000
261.000000
506.000000
629.000000
255.000000
554.000000
250.000000
508.000000
648.000000
273.000000
532.000000
268.000000
525.000000
315.000000
511.000000
537.000000
246.000000
523.000000
365.000000
513.000000
516.000000
259.000000
555.000000
280.000000
512.000000
340.000000
528.000000
525.000000
299.000000
599.000000
240.000000
523.000000
528.000000
275.000000
518.000000
258.000000
541.000000
632.000000
342.000000
535.000000
247.000000
534.000000
562.000000
273.000000
513.000000
257.000000
521.000000
301.000000
610.000000
517.000000
264.000000
528.000000
511.000000
293.000000
463.000000
264.000000
523.000000
529.000000
292.000000
600.000000
244.000000
530.000000
532.000000
259.000000
490.000000
562.000000
369.000000
484.000000
341.000000
544.000000
535.000000
307.000000
517.000000
283.000000
497.000000
526.000000
335.000000
472.000000
632.000000
262.000000
556.000000
267.000000
519.000000
519.000000
261.000000
516.000000
257.000000
621.000000
599.000000
257.000000
560.000000
485.000000
245.000000
518.000000
261.000000
553.000000
500.000000
268.000000
603.000000
258.000000
540.000000
471.000000
250.000000
559.000000
250.000000
549.000000
497.000000
286.000000
604.000000
605.000000
266.000000
533.000000
535.000000
255.000000
541.000000
281.000000
481.000000
581.000000
284.000000
528.000000
276.000000
507.000000
516.000000
298.000000
703.000000
504.000000
261.000000
592.000000
554.000000
269.000000
515.000000
255.000000
517.000000
546.000000
255.000000
538.000000
242.000000
520.000000
607.000000
264.000000
544.000000
480.000000
266.000000
525.000000
258.000000
507.000000
513.000000
350.000000
563.000000
541.000000
246.000000
499.000000
551.000000
242.000000
529.000000
257.000000
498.000000
617.000000
264.000000
543.000000
250.000000
510.000000
294.000000
495.000000
525.000000
265.000000
498.000000
648.000000
271.000000
501.000000
248.000000
557.000000
495.000000
261.000000
504.000000
259.000000
527.000000
603.000000
255.000000
526.000000
236.000000
583.000000
553.000000
287.000000
539.000000
264.000000
546.000000
651.000000
248.000000
539.000000
305.000000
526.000000
274.000000
519.000000
532.000000
291.000000
528.000000
284.000000
614.000000
537.000000
303.000000
498.000000
275.000000
518.000000
260.000000
560.000000
507.000000
350.000000
510.000000
269.000000
